grid_number,longitude,latitude,issue_local,p_h1_0.1mm,flag_h1_0.1mm,p_h3_0.1mm,flag_h3_0.1mm,p_h6_0.1mm,flag_h6_0.1mm,p_h1_1.0mm,flag_h1_1.0mm,p_h3_1.0mm,flag_h3_1.0mm,p_h6_1.0mm,flag_h6_1.0mm,hw_cold235_env_lag1,hw_valid
1,101.030316,5.839305,2026-10-01 22:00:00,0.1242,0,0.2879,0,0.3563,0,0.051,0,0.1035,0,0.1659,0,0.217,1
2,101.260838,5.839305,2026-10-01 22:00:00,0.1006,0,0.2485,0,0.3221,0,0.0403,0,0.1035,0,0.1802,0,0.2093,1
3,101.721881,5.839305,2026-10-01 22:00:00,0.138,0,0.3049,0,0.41,1,0.0765,0,0.1416,0,0.2355,0,0.0188,1
4,101.260838,6.065398,2026-10-01 22:00:00,0.0453,0,0.1489,0,0.2158,0,0.0188,0,0.0438,0,0.1077,0,0.1133,1
5,101.491359,6.065398,2026-10-01 22:00:00,0.1242,0,0.266,0,0.3951,0,0.065,0,0.1137,0,0.1659,0,0.0607,1
6,101.721881,6.065398,2026-10-01 22:00:00,0.1006,0,0.2227,0,0.3024,0,0.065,0,0.1203,0,0.1695,0,0.0033,1
7,101.952403,6.065398,2026-10-01 22:00:00,0.2493,0,0.5063,1,0.5454,1,0.1043,0,0.1137,0,0.2059,0,0.0,1
8,101.030316,6.291491,2026-10-01 22:00:00,0.1083,0,0.2485,0,0.3383,0,0.065,0,0.0972,0,0.2059,0,0.0403,1
9,101.260838,6.291491,2026-10-01 22:00:00,0.1242,0,0.2485,0,0.3906,0,0.0306,0,0.0438,0,0.1019,0,0.0343,1
10,101.491359,6.291491,2026-10-01 22:00:00,0.3346,0,0.453,1,0.5454,1,0.1043,0,0.1615,0,0.2059,0,0.0079,1
11,101.721881,6.291491,2026-10-01 22:00:00,0.2493,0,0.4179,1,0.4714,1,0.0462,0,0.1035,0,0.1315,0,0.0,1
12,101.952403,6.291491,2026-10-01 22:00:00,0.2238,0,0.4179,1,0.4884,1,0.0744,0,0.0972,0,0.1659,0,0.0,1
13,99.647186,6.517584,2026-10-01 22:00:00,0.9103,1,0.9133,1,0.9479,1,0.6173,1,0.6544,1,0.6584,1,0.2613,1
14,100.108229,6.517584,2026-10-01 22:00:00,0.5928,1,0.7341,1,0.8381,1,0.2976,1,0.4597,1,0.5452,1,0.074,1
15,100.569273,6.517584,2026-10-01 22:00:00,0.1083,0,0.2485,0,0.41,1,0.051,0,0.0723,0,0.246,0,0.0,1
16,100.799794,6.517584,2026-10-01 22:00:00,0.138,0,0.2736,0,0.4705,1,0.065,0,0.0794,0,0.2059,0,0.0,1
17,101.030316,6.517584,2026-10-01 22:00:00,0.3055,0,0.453,1,0.5928,1,0.0338,0,0.0514,0,0.1508,0,0.0,1
18,101.260838,6.517584,2026-10-01 22:00:00,0.2589,0,0.4179,1,0.5624,1,0.0322,0,0.0661,0,0.0922,0,0.0,1
19,101.491359,6.517584,2026-10-01 22:00:00,0.3934,1,0.453,1,0.5647,1,0.0338,0,0.0723,0,0.1546,0,0.0,1
20,101.721881,6.517584,2026-10-01 22:00:00,0.2878,0,0.4179,1,0.4808,1,0.0338,0,0.0661,0,0.1332,0,0.0,1
21,99.877708,6.743677,2026-10-01 22:00:00,0.7606,1,0.8349,1,0.8862,1,0.418,1,0.6162,1,0.6584,1,0.1629,1
22,100.108229,6.743677,2026-10-01 22:00:00,0.3629,1,0.5574,1,0.6589,1,0.1372,0,0.3699,1,0.4974,1,0.0578,1
23,100.338751,6.743677,2026-10-01 22:00:00,0.4454,1,0.649,1,0.7761,1,0.2309,0,0.3057,1,0.5154,1,0.0027,1
24,100.569273,6.743677,2026-10-01 22:00:00,0.163,0,0.3365,0,0.4884,1,0.0765,0,0.1137,0,0.3205,0,0.0,1
25,100.799794,6.743677,2026-10-01 22:00:00,0.1006,0,0.2736,0,0.3906,0,0.051,0,0.0723,0,0.2182,0,0.0,1
26,101.030316,6.743677,2026-10-01 22:00:00,0.375,1,0.4853,1,0.6096,1,0.0462,0,0.0794,0,0.1738,0,0.0,1
27,101.260838,6.743677,2026-10-01 22:00:00,0.3055,0,0.5073,1,0.5728,1,0.065,0,0.1057,0,0.1702,0,0.0,1
28,101.491359,6.743677,2026-10-01 22:00:00,0.3513,1,0.4761,1,0.5928,1,0.0403,0,0.0794,0,0.1659,0,0.0,1
29,99.877708,6.969769,2026-10-01 22:00:00,0.58,1,0.7733,1,0.8308,1,0.2917,1,0.4768,1,0.5673,1,0.0836,1
30,100.108229,6.969769,2026-10-01 22:00:00,0.3055,0,0.4853,1,0.5647,1,0.1515,0,0.3205,1,0.4974,1,0.0122,1
31,100.338751,6.969769,2026-10-01 22:00:00,0.3994,1,0.6806,1,0.7822,1,0.1696,0,0.3979,1,0.5112,1,0.0,1
32,100.569273,6.969769,2026-10-01 22:00:00,0.4454,1,0.7582,1,0.8071,1,0.1515,0,0.3057,1,0.444,1,0.0,1
33,99.647186,7.195862,2026-10-01 22:00:00,0.5051,1,0.7651,1,0.7761,1,0.3237,1,0.3699,1,0.5154,1,0.0055,1
34,99.877708,7.195862,2026-10-01 22:00:00,0.3513,1,0.453,1,0.4884,1,0.1515,0,0.2039,0,0.383,1,0.0,1
35,100.108229,7.195862,2026-10-01 22:00:00,0.4999,1,0.7733,1,0.7761,1,0.2691,1,0.3699,1,0.4477,1,0.0,1
36,100.338751,7.195862,2026-10-01 22:00:00,0.5778,1,0.8349,1,0.8571,1,0.3421,1,0.4124,1,0.4549,1,0.0,1
37,100.569273,7.195862,2026-10-01 22:00:00,0.6466,1,0.8754,1,0.9018,1,0.2976,1,0.4528,1,0.6701,1,0.0007,1
38,99.416664,7.421955,2026-10-01 22:00:00,0.3934,1,0.6714,1,0.6911,1,0.1335,0,0.2888,0,0.3691,1,0.0,1
39,99.647186,7.421955,2026-10-01 22:00:00,0.3346,0,0.6274,1,0.6365,1,0.1515,0,0.2604,0,0.3691,1,0.0,1
40,99.877708,7.421955,2026-10-01 22:00:00,0.3934,1,0.5063,1,0.5438,1,0.2309,0,0.2698,0,0.383,1,0.0,1
41,100.108229,7.421955,2026-10-01 22:00:00,0.6567,1,0.8349,1,0.859,1,0.3541,1,0.4975,1,0.6126,1,0.0,1
42,100.338751,7.421955,2026-10-01 22:00:00,0.6346,1,0.8693,1,0.8925,1,0.3421,1,0.4403,1,0.5452,1,0.0,1
43,99.186143,7.648048,2026-10-01 22:00:00,0.3446,0,0.6542,1,0.7595,1,0.1982,0,0.2698,0,0.3893,1,0.0,1
44,99.416664,7.648048,2026-10-01 22:00:00,0.3346,0,0.6229,1,0.6911,1,0.1372,0,0.2662,0,0.383,1,0.0,1
45,99.647186,7.648048,2026-10-01 22:00:00,0.1849,0,0.346,0,0.3563,0,0.111,0,0.1687,0,0.2881,0,0.0,1
46,99.877708,7.648048,2026-10-01 22:00:00,0.375,1,0.5284,1,0.5647,1,0.1982,0,0.2539,0,0.3893,1,0.0,1
47,100.108229,7.648048,2026-10-01 22:00:00,0.677,1,0.7582,1,0.8562,1,0.345,1,0.4345,1,0.5554,1,0.0,1
48,100.338751,7.648048,2026-10-01 22:00:00,0.5778,1,0.8349,1,0.8756,1,0.3421,1,0.4597,1,0.5571,1,0.0,1
49,99.186143,7.874141,2026-10-01 22:00:00,0.1943,0,0.453,1,0.5438,1,0.1209,0,0.1839,0,0.3382,0,0.0,1
50,99.416664,7.874141,2026-10-01 22:00:00,0.0384,0,0.1489,0,0.2295,0,0.022,0,0.0875,0,0.2182,0,0.0,1
51,99.647186,7.874141,2026-10-01 22:00:00,0.0848,0,0.3003,0,0.41,1,0.065,0,0.1035,0,0.2059,0,0.0,1
52,99.877708,7.874141,2026-10-01 22:00:00,0.3513,1,0.5574,1,0.5928,1,0.2112,0,0.2888,0,0.412,1,0.0,1
53,100.108229,7.874141,2026-10-01 22:00:00,0.6293,1,0.8349,1,0.8562,1,0.3905,1,0.4403,1,0.4493,1,0.0,1
54,100.338751,7.874141,2026-10-01 22:00:00,0.6293,1,0.8145,1,0.8628,1,0.3983,1,0.4528,1,0.5673,1,0.0,1
55,98.494578,8.100234,2026-10-01 22:00:00,0.8078,1,0.9133,1,0.9358,1,0.418,1,0.4768,1,0.6701,1,0.2553,1
56,98.955621,8.100234,2026-10-01 22:00:00,0.375,1,0.6632,1,0.7309,1,0.1452,0,0.2604,0,0.383,1,0.0317,1
57,99.186143,8.100234,2026-10-01 22:00:00,0.2493,0,0.4853,1,0.5438,1,0.0765,0,0.1839,0,0.3354,0,0.0007,1
58,99.416664,8.100234,2026-10-01 22:00:00,0.0264,0,0.1427,0,0.2661,0,0.0033,0,0.0426,0,0.116,0,0.0,1
59,99.647186,8.100234,2026-10-01 22:00:00,0.0707,0,0.3102,0,0.4127,1,0.0188,0,0.0514,0,0.1332,0,0.0,1
60,99.877708,8.100234,2026-10-01 22:00:00,0.163,0,0.4179,1,0.4884,1,0.0322,0,0.0794,0,0.1659,0,0.0,1
61,100.108229,8.100234,2026-10-01 22:00:00,0.4454,1,0.6915,1,0.8071,1,0.2163,0,0.2251,0,0.383,1,0.0,1
62,98.264056,8.326327,2026-10-01 22:00:00,0.7026,1,0.7898,1,0.8381,1,0.2917,1,0.328,1,0.444,1,0.395,1
63,98.494578,8.326327,2026-10-01 22:00:00,0.7026,1,0.8693,1,0.8747,1,0.2691,1,0.3825,1,0.5673,1,0.253,1
64,98.725099,8.326327,2026-10-01 22:00:00,0.3832,1,0.5899,1,0.7237,1,0.1515,0,0.287,0,0.4549,1,0.1246,1
65,98.955621,8.326327,2026-10-01 22:00:00,0.1943,0,0.3561,1,0.5123,1,0.0765,0,0.1687,0,0.2182,0,0.0226,1
66,99.186143,8.326327,2026-10-01 22:00:00,0.1943,0,0.4179,1,0.4808,1,0.0462,0,0.1276,0,0.2059,0,0.007,1
67,99.416664,8.326327,2026-10-01 22:00:00,0.0707,0,0.2485,0,0.41,1,0.0136,0,0.0426,0,0.0933,0,0.0,1
68,99.647186,8.326327,2026-10-01 22:00:00,0.0453,0,0.1774,0,0.2891,0,0.004,0,0.0301,0,0.0691,0,0.0,1
69,99.877708,8.326327,2026-10-01 22:00:00,0.1242,0,0.346,0,0.4884,1,0.0322,0,0.0723,0,0.1315,0,0.0,1
70,100.108229,8.326327,2026-10-01 22:00:00,0.3934,1,0.6714,1,0.7595,1,0.1043,0,0.1276,0,0.1659,0,0.0,1
71,98.264056,8.55242,2026-10-01 22:00:00,0.7026,1,0.8515,1,0.8862,1,0.3008,1,0.3825,1,0.5452,1,0.4046,1
72,98.494578,8.55242,2026-10-01 22:00:00,0.5928,1,0.7582,1,0.8071,1,0.2275,0,0.3546,1,0.5673,1,0.2076,1
73,98.725099,8.55242,2026-10-01 22:00:00,0.3446,0,0.6897,1,0.7159,1,0.1862,0,0.3205,1,0.5112,1,0.0568,1
74,98.955621,8.55242,2026-10-01 22:00:00,0.1701,0,0.3561,1,0.4884,1,0.0765,0,0.1482,0,0.2355,0,0.0205,1
75,99.186143,8.55242,2026-10-01 22:00:00,0.2589,0,0.5284,1,0.6495,1,0.081,0,0.1622,0,0.2586,0,0.0028,1
76,99.416664,8.55242,2026-10-01 22:00:00,0.1533,0,0.2159,0,0.4285,1,0.0174,0,0.0301,0,0.0849,0,0.0,1
77,99.647186,8.55242,2026-10-01 22:00:00,0.0429,0,0.1345,0,0.1958,0,0.0188,0,0.037,0,0.0619,0,0.0,1
78,99.877708,8.55242,2026-10-01 22:00:00,0.2054,0,0.346,0,0.5868,1,0.0183,0,0.037,0,0.0696,0,0.0,1
79,98.264056,8.778513,2026-10-01 22:00:00,0.6957,1,0.8145,1,0.8862,1,0.2691,1,0.397,1,0.5452,1,0.2946,1
80,98.494578,8.778513,2026-10-01 22:00:00,0.375,1,0.5574,1,0.6659,1,0.1515,0,0.2323,0,0.383,1,0.1337,1
81,98.725099,8.778513,2026-10-01 22:00:00,0.1242,0,0.2485,0,0.3906,0,0.065,0,0.1137,0,0.1659,0,0.0242,1
82,98.955621,8.778513,2026-10-01 22:00:00,0.138,0,0.2485,0,0.3959,0,0.0891,0,0.1137,0,0.1695,0,0.0071,1
83,99.186143,8.778513,2026-10-01 22:00:00,0.1849,0,0.3049,0,0.4705,1,0.0338,0,0.0723,0,0.1332,0,0.0,1
84,99.416664,8.778513,2026-10-01 22:00:00,0.0423,0,0.0934,0,0.2295,0,0.0174,0,0.0238,0,0.0571,0,0.0,1
85,99.647186,8.778513,2026-10-01 22:00:00,0.0453,0,0.0979,0,0.1903,0,0.0188,0,0.0295,0,0.0619,0,0.0,1
86,99.877708,8.778513,2026-10-01 22:00:00,0.1849,0,0.346,0,0.5088,1,0.0306,0,0.0433,0,0.0606,0,0.0,1
87,98.264056,9.004606,2026-10-01 22:00:00,0.7026,1,0.7898,1,0.8738,1,0.2491,0,0.3546,1,0.4549,1,0.2482,1
88,98.494578,9.004606,2026-10-01 22:00:00,0.2493,0,0.4761,1,0.5728,1,0.0891,0,0.1839,0,0.3075,0,0.0965,1
89,98.725099,9.004606,2026-10-01 22:00:00,0.1006,0,0.2227,0,0.3906,0,0.0244,0,0.0794,0,0.1695,0,0.005,1
90,98.955621,9.004606,2026-10-01 22:00:00,0.2238,0,0.3561,1,0.5438,1,0.0338,0,0.0723,0,0.1659,0,0.0,1
91,99.186143,9.004606,2026-10-01 22:00:00,0.3245,0,0.3561,1,0.5454,1,0.0338,0,0.0433,0,0.0939,0,0.0,1
92,99.416664,9.004606,2026-10-01 22:00:00,0.1947,0,0.3049,0,0.41,1,0.0188,0,0.0301,0,0.0691,0,0.0,1
93,99.647186,9.004606,2026-10-01 22:00:00,0.0707,0,0.1094,0,0.2324,0,0.0136,0,0.0221,0,0.0571,0,0.0,1
94,99.877708,9.004606,2026-10-01 22:00:00,0.2878,0,0.3879,1,0.4884,1,0.0403,0,0.037,0,0.0619,0,0.0,1
95,98.494578,9.230699,2026-10-01 22:00:00,0.1849,0,0.2736,0,0.4285,1,0.0462,0,0.1066,0,0.1802,0,0.0646,1
96,98.725099,9.230699,2026-10-01 22:00:00,0.0264,0,0.0968,0,0.2324,0,0.0045,0,0.0289,0,0.0691,0,0.0,1
97,98.955621,9.230699,2026-10-01 22:00:00,0.138,0,0.2227,0,0.4285,1,0.0095,0,0.0289,0,0.0849,0,0.0,1
98,99.186143,9.230699,2026-10-01 22:00:00,0.1701,0,0.266,0,0.3656,0,0.022,0,0.0238,0,0.0361,0,0.0,1
99,99.647186,9.230699,2026-10-01 22:00:00,0.3055,0,0.3271,0,0.4127,1,0.0765,0,0.0301,0,0.0696,0,0.0,1
100,98.494578,9.456792,2026-10-01 22:00:00,0.4565,1,0.6027,1,0.6737,1,0.0765,0,0.1137,0,0.2182,0,0.0094,1
101,98.725099,9.456792,2026-10-01 22:00:00,0.0342,0,0.0979,0,0.2661,0,0.0033,0,0.0221,0,0.0579,0,0.0,1
102,98.955621,9.456792,2026-10-01 22:00:00,0.0208,0,0.0632,0,0.1076,0,0.0006,0,0.005,0,0.0244,0,0.0,1
103,99.186143,9.456792,2026-10-01 22:00:00,0.1242,0,0.2485,0,0.3906,0,0.0174,0,0.0372,0,0.0654,0,0.0,1
104,98.725099,9.682885,2026-10-01 22:00:00,0.0435,0,0.0979,0,0.2451,0,0.0095,0,0.0221,0,0.0579,0,0.0,1
105,98.955621,9.682885,2026-10-01 22:00:00,0.01,0,0.0448,0,0.0926,0,0.0002,0,0.0063,0,0.03,0,0.0,1
106,98.725099,9.908978,2026-10-01 22:00:00,0.0208,0,0.0538,0,0.1462,0,0.0008,0,0.013,0,0.0579,0,0.0,1
107,98.955621,9.908978,2026-10-01 22:00:00,0.0074,0,0.0315,0,0.0926,0,0.0003,0,0.005,0,0.0244,0,0.0,1
108,98.725099,10.13507,2026-10-01 22:00:00,0.0264,0,0.0724,0,0.1668,0,0.0018,0,0.013,0,0.0456,0,0.0,1
109,98.955621,10.13507,2026-10-01 22:00:00,0.0848,0,0.1427,0,0.2451,0,0.0033,0,0.013,0,0.0391,0,0.0,1
110,98.955621,10.361163,2026-10-01 22:00:00,0.0208,0,0.0538,0,0.1176,0,0.0008,0,0.013,0,0.0391,0,0.0,1
111,98.955621,10.587256,2026-10-01 22:00:00,0.0161,0,0.047,0,0.0926,0,0.0008,0,0.0079,0,0.0391,0,0.0,1
112,99.186143,10.587256,2026-10-01 22:00:00,0.1647,0,0.2485,0,0.2934,0,0.0112,0,0.0176,0,0.0504,0,0.0,1
113,99.186143,10.813349,2026-10-01 22:00:00,0.138,0,0.2485,0,0.3656,0,0.0136,0,0.0176,0,0.0619,0,0.0,1
114,99.416664,10.813349,2026-10-01 22:00:00,0.0161,0,0.047,0,0.0926,0,0.0031,0,0.013,0,0.0351,0,0.0,1
115,99.186143,11.039442,2026-10-01 22:00:00,0.0161,0,0.047,0,0.0926,0,0.0008,0,0.013,0,0.0391,0,0.0,1
116,99.416664,11.039442,2026-10-01 22:00:00,0.1242,0,0.2102,0,0.2891,0,0.0145,0,0.013,0,0.0504,0,0.0,1
117,99.416664,11.265535,2026-10-01 22:00:00,0.1242,0,0.1489,0,0.2661,0,0.0136,0,0.0221,0,0.0407,0,0.0,1
118,99.647186,11.717721,2026-10-01 22:00:00,0.0707,0,0.1489,0,0.2618,0,0.0112,0,0.0238,0,0.1019,0,0.0,1
119,99.647186,11.943814,2026-10-01 22:00:00,0.0272,0,0.088,0,0.1958,0,0.0077,0,0.0221,0,0.0939,0,0.0,1
120,99.647186,12.169907,2026-10-01 22:00:00,0.0435,0,0.1345,0,0.2451,0,0.0136,0,0.0289,0,0.0849,0,0.0,1
121,99.877708,12.169907,2026-10-01 22:00:00,0.3346,0,0.5063,1,0.6096,1,0.0322,0,0.0433,0,0.116,0,0.0,1
122,102.413446,12.169907,2026-10-01 22:00:00,0.4565,1,0.5063,1,0.5928,1,0.0462,0,0.1276,0,0.2059,0,0.12,1
123,99.647186,12.396,2026-10-01 22:00:00,0.0848,0,0.1427,0,0.3221,0,0.0081,0,0.0221,0,0.0619,0,0.0,1
124,99.877708,12.396,2026-10-01 22:00:00,0.3446,0,0.5073,1,0.6589,1,0.0338,0,0.0568,0,0.0939,0,0.0,1
125,102.182924,12.396,2026-10-01 22:00:00,0.3934,1,0.5073,1,0.5647,1,0.065,0,0.1276,0,0.1981,0,0.193,1
126,102.413446,12.396,2026-10-01 22:00:00,0.3994,1,0.5574,1,0.5576,1,0.065,0,0.1811,0,0.2059,0,0.1138,1
127,102.643968,12.396,2026-10-01 22:00:00,0.375,1,0.5514,1,0.5931,1,0.065,0,0.1622,0,0.2045,0,0.0915,1
128,99.416664,12.622093,2026-10-01 22:00:00,0.0429,0,0.0979,0,0.2324,0,0.0095,0,0.0238,0,0.0619,0,0.0,1
129,99.647186,12.622093,2026-10-01 22:00:00,0.0264,0,0.0632,0,0.1903,0,0.0045,0,0.0171,0,0.0504,0,0.0,1
130,99.877708,12.622093,2026-10-01 22:00:00,0.0707,0,0.2159,0,0.3563,0,0.0306,0,0.0514,0,0.1077,0,0.0,1
131,101.952403,12.622093,2026-10-01 22:00:00,0.375,1,0.5063,1,0.5454,1,0.0338,0,0.1066,0,0.1546,0,0.1924,1
132,102.182924,12.622093,2026-10-01 22:00:00,0.375,1,0.5063,1,0.5624,1,0.0403,0,0.1094,0,0.1659,0,0.1561,1
133,102.413446,12.622093,2026-10-01 22:00:00,0.163,0,0.346,0,0.4285,1,0.0275,0,0.1035,0,0.1659,0,0.1036,1
134,99.416664,12.848186,2026-10-01 22:00:00,0.0429,0,0.1094,0,0.2618,0,0.0081,0,0.0238,0,0.0691,0,0.0,1
135,99.647186,12.848186,2026-10-01 22:00:00,0.0208,0,0.0632,0,0.1752,0,0.0045,0,0.0171,0,0.0654,0,0.0,1
136,99.877708,12.848186,2026-10-01 22:00:00,0.1943,0,0.3271,0,0.4705,1,0.0403,0,0.0661,0,0.1546,0,0.0,1
137,101.030316,12.848186,2026-10-01 22:00:00,0.2493,0,0.3861,1,0.5438,1,0.0893,0,0.1276,0,0.1981,0,0.312,1
138,101.260838,12.848186,2026-10-01 22:00:00,0.268,0,0.4179,1,0.5438,1,0.065,0,0.1066,0,0.1511,0,0.352,1
139,101.491359,12.848186,2026-10-01 22:00:00,0.2054,0,0.3097,0,0.4808,1,0.0338,0,0.0794,0,0.1388,0,0.3326,1
140,101.721881,12.848186,2026-10-01 22:00:00,0.2589,0,0.4761,1,0.5928,1,0.0322,0,0.0875,0,0.1388,0,0.2438,1
141,101.952403,12.848186,2026-10-01 22:00:00,0.2493,0,0.5284,1,0.5928,1,0.0338,0,0.0972,0,0.1659,0,0.1265,1
142,102.182924,12.848186,2026-10-01 22:00:00,0.0707,0,0.2877,0,0.3951,0,0.0206,0,0.0794,0,0.1332,0,0.0537,1
143,102.413446,12.848186,2026-10-01 22:00:00,0.0848,0,0.3102,0,0.4705,1,0.0188,0,0.0661,0,0.1388,0,0.0223,1
144,99.186143,13.074279,2026-10-01 22:00:00,0.0453,0,0.1427,0,0.2661,0,0.0095,0,0.0295,0,0.0691,0,0.0,1
145,99.416664,13.074279,2026-10-01 22:00:00,0.0384,0,0.0959,0,0.2451,0,0.0081,0,0.0238,0,0.0619,0,0.0,1
146,99.647186,13.074279,2026-10-01 22:00:00,0.0272,0,0.0979,0,0.2618,0,0.0045,0,0.0171,0,0.0691,0,0.0,1
147,99.877708,13.074279,2026-10-01 22:00:00,0.3994,1,0.6334,1,0.6984,1,0.1515,0,0.1622,0,0.2555,0,0.0373,1
148,101.030316,13.074279,2026-10-01 22:00:00,0.4454,1,0.453,1,0.5928,1,0.0765,0,0.1276,0,0.1981,0,0.5803,1
149,101.260838,13.074279,2026-10-01 22:00:00,0.3055,0,0.4179,1,0.5454,1,0.065,0,0.1137,0,0.1738,0,0.5669,1
150,101.491359,13.074279,2026-10-01 22:00:00,0.2054,0,0.3861,1,0.5364,1,0.051,0,0.1137,0,0.1659,0,0.4645,1
151,101.721881,13.074279,2026-10-01 22:00:00,0.0707,0,0.2997,0,0.4477,1,0.0136,0,0.0661,0,0.1315,0,0.3142,1
152,101.952403,13.074279,2026-10-01 22:00:00,0.2054,0,0.4718,1,0.5576,1,0.022,0,0.0723,0,0.1659,0,0.1685,1
153,102.182924,13.074279,2026-10-01 22:00:00,0.0848,0,0.329,0,0.487,1,0.0188,0,0.0972,0,0.1546,0,0.0525,1
154,102.413446,13.074279,2026-10-01 22:00:00,0.1006,0,0.3365,0,0.4808,1,0.0275,0,0.0972,0,0.1981,0,0.0621,1
155,99.416664,13.300372,2026-10-01 22:00:00,0.0384,0,0.0979,0,0.2451,0,0.0095,0,0.0238,0,0.0939,0,0.0,1
156,99.647186,13.300372,2026-10-01 22:00:00,0.068,0,0.1547,0,0.2661,0,0.022,0,0.0426,0,0.1315,0,0.0,1
157,99.877708,13.300372,2026-10-01 22:00:00,0.4999,1,0.649,1,0.7595,1,0.2309,0,0.1993,0,0.3075,0,0.0584,1
158,101.030316,13.300372,2026-10-01 22:00:00,0.3994,1,0.453,1,0.5438,1,0.0891,0,0.1615,0,0.2045,0,0.8225,1
159,101.260838,13.300372,2026-10-01 22:00:00,0.4999,1,0.6334,1,0.6737,1,0.0765,0,0.1276,0,0.2052,0,0.7149,1
160,101.491359,13.300372,2026-10-01 22:00:00,0.2589,0,0.4139,1,0.5454,1,0.0523,0,0.1137,0,0.2052,0,0.509,1
161,101.721881,13.300372,2026-10-01 22:00:00,0.138,0,0.3365,0,0.4285,1,0.0338,0,0.1035,0,0.1738,0,0.3308,1
162,101.952403,13.300372,2026-10-01 22:00:00,0.0589,0,0.2485,0,0.3383,0,0.0174,0,0.0723,0,0.1315,0,0.1443,1
163,102.182924,13.300372,2026-10-01 22:00:00,0.0848,0,0.3271,0,0.4477,1,0.0322,0,0.1057,0,0.1659,0,0.1471,1
164,99.416664,13.526464,2026-10-01 22:00:00,0.0264,0,0.0741,0,0.1668,0,0.0081,0,0.0221,0,0.0685,0,0.0,1
165,99.647186,13.526464,2026-10-01 22:00:00,0.1491,0,0.2877,0,0.4705,1,0.022,0,0.0301,0,0.0619,0,0.0,1
166,99.877708,13.526464,2026-10-01 22:00:00,0.5051,1,0.6897,1,0.7595,1,0.1745,0,0.1811,0,0.2059,0,0.0456,1
167,100.108229,13.526464,2026-10-01 22:00:00,0.6346,1,0.7845,1,0.8381,1,0.2491,0,0.3546,1,0.3691,1,0.2238,1
168,100.338751,13.526464,2026-10-01 22:00:00,0.7026,1,0.8145,1,0.8381,1,0.2781,1,0.3825,1,0.383,1,0.4355,1
169,100.569273,13.526464,2026-10-01 22:00:00,0.7393,1,0.8815,1,0.8925,1,0.2309,0,0.3057,1,0.348,0,0.6667,1
170,100.799794,13.526464,2026-10-01 22:00:00,0.7643,1,0.8145,1,0.8362,1,0.1452,0,0.2054,0,0.2555,0,0.8466,1
171,101.030316,13.526464,2026-10-01 22:00:00,0.7393,1,0.7845,1,0.794,1,0.1452,0,0.1993,0,0.2586,0,0.8469,1
172,101.260838,13.526464,2026-10-01 22:00:00,0.5469,1,0.7119,1,0.7133,1,0.0893,0,0.1811,0,0.2355,0,0.6986,1
173,101.491359,13.526464,2026-10-01 22:00:00,0.3828,1,0.5514,1,0.6096,1,0.0765,0,0.1622,0,0.2182,0,0.4782,1
174,101.721881,13.526464,2026-10-01 22:00:00,0.2054,0,0.453,1,0.5985,1,0.0506,0,0.1137,0,0.2059,0,0.2896,1
175,101.952403,13.526464,2026-10-01 22:00:00,0.1242,0,0.3003,0,0.4127,1,0.0306,0,0.0794,0,0.1315,0,0.1953,1
176,102.182924,13.526464,2026-10-01 22:00:00,0.163,0,0.346,0,0.4705,1,0.0462,0,0.1094,0,0.1695,0,0.3016,1
177,99.186143,13.752557,2026-10-01 22:00:00,0.0429,0,0.1094,0,0.2324,0,0.0145,0,0.0301,0,0.116,0,0.0,1
178,99.416664,13.752557,2026-10-01 22:00:00,0.0429,0,0.1489,0,0.2618,0,0.0053,0,0.0171,0,0.0579,0,0.0,1
179,99.647186,13.752557,2026-10-01 22:00:00,0.1849,0,0.3097,0,0.4884,1,0.0206,0,0.0438,0,0.0654,0,0.0,1
180,99.877708,13.752557,2026-10-01 22:00:00,0.3346,0,0.6027,1,0.7012,1,0.0462,0,0.0875,0,0.1077,0,0.0043,1
181,100.108229,13.752557,2026-10-01 22:00:00,0.7011,1,0.7845,1,0.8381,1,0.33,1,0.3057,1,0.3951,1,0.128,1
182,100.338751,13.752557,2026-10-01 22:00:00,0.677,1,0.7651,1,0.8362,1,0.2309,0,0.296,0,0.3354,0,0.2997,1
183,100.569273,13.752557,2026-10-01 22:00:00,0.6466,1,0.7733,1,0.8071,1,0.1862,0,0.3057,1,0.3075,0,0.4818,1
184,100.799794,13.752557,2026-10-01 22:00:00,0.724,1,0.8277,1,0.8381,1,0.157,0,0.2323,0,0.2586,0,0.5902,1
185,101.030316,13.752557,2026-10-01 22:00:00,0.6686,1,0.7898,1,0.794,1,0.1209,0,0.2054,0,0.2355,0,0.5826,1
186,101.260838,13.752557,2026-10-01 22:00:00,0.5778,1,0.7582,1,0.7595,1,0.1043,0,0.1993,0,0.2182,0,0.472,1
187,101.491359,13.752557,2026-10-01 22:00:00,0.3245,0,0.5063,1,0.6096,1,0.0744,0,0.1615,0,0.2059,0,0.3222,1
188,101.721881,13.752557,2026-10-01 22:00:00,0.2266,0,0.453,1,0.5438,1,0.0462,0,0.1203,0,0.1802,0,0.2203,1
189,101.952403,13.752557,2026-10-01 22:00:00,0.2054,0,0.4179,1,0.4808,1,0.0338,0,0.1094,0,0.1546,0,0.2873,1
190,102.182924,13.752557,2026-10-01 22:00:00,0.2493,0,0.4179,1,0.5123,1,0.0338,0,0.1203,0,0.1659,0,0.4873,1
191,102.413446,13.752557,2026-10-01 22:00:00,0.2878,0,0.4761,1,0.5454,1,0.0403,0,0.1203,0,0.1659,0,0.5054,1
192,102.643968,13.752557,2026-10-01 22:00:00,0.3245,0,0.5073,1,0.5624,1,0.0462,0,0.1203,0,0.1546,0,0.4035,1
193,99.186143,13.97865,2026-10-01 22:00:00,0.0384,0,0.1489,0,0.2618,0,0.0095,0,0.0289,0,0.1019,0,0.0044,1
194,99.416664,13.97865,2026-10-01 22:00:00,0.0264,0,0.1427,0,0.2618,0,0.0081,0,0.0289,0,0.0939,0,0.0015,1
195,99.647186,13.97865,2026-10-01 22:00:00,0.2481,0,0.5063,1,0.5928,1,0.022,0,0.0568,0,0.1077,0,0.0,1
196,99.877708,13.97865,2026-10-01 22:00:00,0.2878,0,0.5856,1,0.6659,1,0.0338,0,0.0794,0,0.1019,0,0.0007,1
197,100.108229,13.97865,2026-10-01 22:00:00,0.5928,1,0.7582,1,0.8071,1,0.1146,0,0.1276,0,0.1659,0,0.0303,1
198,100.338751,13.97865,2026-10-01 22:00:00,0.6346,1,0.7845,1,0.82,1,0.3008,1,0.2698,0,0.3075,0,0.1273,1
199,100.569273,13.97865,2026-10-01 22:00:00,0.677,1,0.7722,1,0.8308,1,0.2781,1,0.328,1,0.383,1,0.2554,1
200,100.799794,13.97865,2026-10-01 22:00:00,0.6346,1,0.7898,1,0.8381,1,0.2491,0,0.3057,1,0.3514,1,0.3201,1
201,101.030316,13.97865,2026-10-01 22:00:00,0.5778,1,0.7733,1,0.794,1,0.2083,0,0.2888,0,0.348,0,0.3211,1
202,101.260838,13.97865,2026-10-01 22:00:00,0.5051,1,0.7722,1,0.7387,1,0.1335,0,0.2054,0,0.2355,0,0.2699,1
203,101.491359,13.97865,2026-10-01 22:00:00,0.5235,1,0.7582,1,0.7309,1,0.1209,0,0.1839,0,0.2059,0,0.1602,1
204,101.721881,13.97865,2026-10-01 22:00:00,0.3055,0,0.5574,1,0.5454,1,0.065,0,0.1057,0,0.1659,0,0.1929,1
205,101.952403,13.97865,2026-10-01 22:00:00,0.2589,0,0.5063,1,0.5588,1,0.0462,0,0.0794,0,0.1546,0,0.4039,1
206,102.182924,13.97865,2026-10-01 22:00:00,0.138,0,0.3102,0,0.4285,1,0.0338,0,0.0794,0,0.1511,0,0.6342,1
207,102.413446,13.97865,2026-10-01 22:00:00,0.163,0,0.3879,1,0.4884,1,0.0338,0,0.0875,0,0.1659,0,0.6396,1
208,102.643968,13.97865,2026-10-01 22:00:00,0.138,0,0.3003,0,0.4127,1,0.0338,0,0.0875,0,0.1511,0,0.5122,1
209,98.955621,14.204743,2026-10-01 22:00:00,0.0589,0,0.2102,0,0.3656,0,0.0172,0,0.0661,0,0.0932,0,0.0149,1
210,99.186143,14.204743,2026-10-01 22:00:00,0.0453,0,0.2227,0,0.3383,0,0.0174,0,0.0661,0,0.1659,0,0.0044,1
211,99.416664,14.204743,2026-10-01 22:00:00,0.0453,0,0.1854,0,0.2661,0,0.0174,0,0.0661,0,0.1315,0,0.0044,1
212,99.647186,14.204743,2026-10-01 22:00:00,0.0707,0,0.2227,0,0.3563,0,0.0174,0,0.0568,0,0.1223,0,0.0,1
213,99.877708,14.204743,2026-10-01 22:00:00,0.3346,0,0.6334,1,0.6911,1,0.0462,0,0.1094,0,0.1077,0,0.0,1
214,100.108229,14.204743,2026-10-01 22:00:00,0.58,1,0.6714,1,0.7822,1,0.0506,0,0.0875,0,0.1077,0,0.0,1
215,100.338751,14.204743,2026-10-01 22:00:00,0.5778,1,0.6542,1,0.6984,1,0.0705,0,0.1094,0,0.1223,0,0.0065,1
216,100.569273,14.204743,2026-10-01 22:00:00,0.58,1,0.7341,1,0.794,1,0.2309,0,0.2323,0,0.2586,0,0.0551,1
217,100.799794,14.204743,2026-10-01 22:00:00,0.5671,1,0.7582,1,0.8103,1,0.1982,0,0.2698,0,0.3075,0,0.1072,1
218,101.030316,14.204743,2026-10-01 22:00:00,0.5051,1,0.7341,1,0.7595,1,0.1745,0,0.2604,0,0.3354,0,0.1079,1
219,101.260838,14.204743,2026-10-01 22:00:00,0.4454,1,0.6897,1,0.7237,1,0.1146,0,0.1276,0,0.2059,0,0.076,1
220,101.491359,14.204743,2026-10-01 22:00:00,0.0848,0,0.2485,0,0.4285,1,0.0206,0,0.0661,0,0.1315,0,0.0754,1
221,101.721881,14.204743,2026-10-01 22:00:00,0.0848,0,0.266,0,0.3906,0,0.0306,0,0.0723,0,0.1508,0,0.2397,1
222,101.952403,14.204743,2026-10-01 22:00:00,0.1943,0,0.453,1,0.4884,1,0.065,0,0.1137,0,0.1659,0,0.4858,1
223,102.182924,14.204743,2026-10-01 22:00:00,0.1242,0,0.3365,0,0.4705,1,0.0338,0,0.0794,0,0.1659,0,0.7157,1
224,102.413446,14.204743,2026-10-01 22:00:00,0.1701,0,0.453,1,0.4884,1,0.065,0,0.1137,0,0.1802,0,0.7602,1
225,102.643968,14.204743,2026-10-01 22:00:00,0.1242,0,0.3365,0,0.4705,1,0.022,0,0.0794,0,0.1659,0,0.5626,1
226,102.874489,14.204743,2026-10-01 22:00:00,0.0848,0,0.3102,0,0.4477,1,0.0183,0,0.0723,0,0.1659,0,0.2798,1
227,98.725099,14.430836,2026-10-01 22:00:00,0.1006,0,0.2421,0,0.3906,0,0.022,0,0.0661,0,0.1315,0,0.0151,1
228,98.955621,14.430836,2026-10-01 22:00:00,0.1006,0,0.266,0,0.3951,0,0.0275,0,0.0723,0,0.1315,0,0.0045,1
229,99.186143,14.430836,2026-10-01 22:00:00,0.0453,0,0.2102,0,0.3383,0,0.0136,0,0.0438,0,0.1659,0,0.0044,1
230,99.416664,14.430836,2026-10-01 22:00:00,0.0272,0,0.1362,0,0.1958,0,0.0134,0,0.0433,0,0.116,0,0.0044,1
231,99.647186,14.430836,2026-10-01 22:00:00,0.0589,0,0.2159,0,0.3383,0,0.0112,0,0.0514,0,0.1315,0,0.0,1
232,99.877708,14.430836,2026-10-01 22:00:00,0.3346,0,0.5856,1,0.6365,1,0.022,0,0.0723,0,0.1315,0,0.0,1
233,100.108229,14.430836,2026-10-01 22:00:00,0.5671,1,0.6915,1,0.7595,1,0.0462,0,0.1035,0,0.1019,0,0.0,1
234,100.338751,14.430836,2026-10-01 22:00:00,0.5375,1,0.6897,1,0.7548,1,0.0462,0,0.1057,0,0.116,0,0.0,1
235,100.569273,14.430836,2026-10-01 22:00:00,0.5469,1,0.6897,1,0.7548,1,0.0462,0,0.0972,0,0.1315,0,0.0,1
236,100.799794,14.430836,2026-10-01 22:00:00,0.5235,1,0.6915,1,0.7595,1,0.065,0,0.0875,0,0.1315,0,0.0,1
237,101.030316,14.430836,2026-10-01 22:00:00,0.1083,0,0.2997,0,0.4884,1,0.0306,0,0.0723,0,0.1508,0,0.0035,1
238,101.260838,14.430836,2026-10-01 22:00:00,0.0707,0,0.2997,0,0.4808,1,0.022,0,0.0661,0,0.1546,0,0.0028,1
239,101.491359,14.430836,2026-10-01 22:00:00,0.0707,0,0.2485,0,0.4285,1,0.022,0,0.0661,0,0.1508,0,0.0709,1
240,101.721881,14.430836,2026-10-01 22:00:00,0.0707,0,0.3049,0,0.4477,1,0.0322,0,0.0661,0,0.1659,0,0.2284,1
241,101.952403,14.430836,2026-10-01 22:00:00,0.1242,0,0.3561,1,0.4808,1,0.0322,0,0.0794,0,0.1738,0,0.4528,1
242,102.182924,14.430836,2026-10-01 22:00:00,0.138,0,0.3097,0,0.3656,0,0.0306,0,0.0723,0,0.1511,0,0.701,1
243,102.413446,14.430836,2026-10-01 22:00:00,0.1242,0,0.3097,0,0.41,1,0.0275,0,0.0723,0,0.1546,0,0.7901,1
244,102.643968,14.430836,2026-10-01 22:00:00,0.1242,0,0.2997,0,0.3656,0,0.022,0,0.0723,0,0.1508,0,0.5882,1
245,102.874489,14.430836,2026-10-01 22:00:00,0.0707,0,0.2485,0,0.3563,0,0.0205,0,0.0723,0,0.1332,0,0.3027,1
246,103.105011,14.430836,2026-10-01 22:00:00,0.059,0,0.2227,0,0.3004,0,0.0183,0,0.0661,0,0.116,0,0.0904,1
247,103.335533,14.430836,2026-10-01 22:00:00,0.0322,0,0.1547,0,0.2382,0,0.0205,0,0.0433,0,0.0922,0,0.002,1
248,103.566054,14.430836,2026-10-01 22:00:00,0.0272,0,0.1362,0,0.2158,0,0.0095,0,0.0295,0,0.0696,0,0.0,1
249,103.796576,14.430836,2026-10-01 22:00:00,0.0477,0,0.1489,0,0.2324,0,0.0174,0,0.0372,0,0.0932,0,0.0,1
250,104.027098,14.430836,2026-10-01 22:00:00,0.0589,0,0.1774,0,0.2618,0,0.0275,0,0.0433,0,0.1077,0,0.0026,1
251,104.257619,14.430836,2026-10-01 22:00:00,0.0477,0,0.1854,0,0.3004,0,0.0322,0,0.0723,0,0.1508,0,0.0257,1
252,104.488141,14.430836,2026-10-01 22:00:00,0.0848,0,0.1854,0,0.2891,0,0.0403,0,0.0723,0,0.1332,0,0.0301,1
253,104.718663,14.430836,2026-10-01 22:00:00,0.0707,0,0.1774,0,0.2518,0,0.0322,0,0.0661,0,0.116,0,0.0299,1
254,104.949184,14.430836,2026-10-01 22:00:00,0.0589,0,0.1774,0,0.2661,0,0.0322,0,0.0794,0,0.1332,0,0.0168,1
255,105.179706,14.430836,2026-10-01 22:00:00,0.0589,0,0.1774,0,0.2324,0,0.0306,0,0.0433,0,0.1019,0,0.0026,1
256,105.410228,14.430836,2026-10-01 22:00:00,0.1083,0,0.3003,0,0.41,1,0.065,0,0.1137,0,0.2059,0,0.0984,1
257,98.494578,14.656929,2026-10-01 22:00:00,0.138,0,0.3003,0,0.4127,1,0.0174,0,0.0723,0,0.1659,0,0.0008,1
258,98.725099,14.656929,2026-10-01 22:00:00,0.0589,0,0.2159,0,0.3656,0,0.0174,0,0.0661,0,0.1315,0,0.0038,1
259,98.955621,14.656929,2026-10-01 22:00:00,0.1006,0,0.2227,0,0.3563,0,0.022,0,0.0723,0,0.1315,0,0.0045,1
260,99.186143,14.656929,2026-10-01 22:00:00,0.0453,0,0.1489,0,0.2324,0,0.0174,0,0.0433,0,0.0922,0,0.0045,1
261,99.416664,14.656929,2026-10-01 22:00:00,0.0272,0,0.1094,0,0.1642,0,0.0112,0,0.0433,0,0.0685,0,0.0037,1
262,99.647186,14.656929,2026-10-01 22:00:00,0.059,0,0.2159,0,0.3184,0,0.0095,0,0.0438,0,0.0745,0,0.0,1
263,99.877708,14.656929,2026-10-01 22:00:00,0.3055,0,0.4853,1,0.5438,1,0.022,0,0.0723,0,0.1223,0,0.0,1
264,100.108229,14.656929,2026-10-01 22:00:00,0.4999,1,0.6027,1,0.6659,1,0.0338,0,0.1035,0,0.1508,0,0.0,1
265,100.338751,14.656929,2026-10-01 22:00:00,0.4454,1,0.6334,1,0.7133,1,0.0462,0,0.0972,0,0.1659,0,0.0,1
266,100.569273,14.656929,2026-10-01 22:00:00,0.4999,1,0.6334,1,0.7133,1,0.065,0,0.0877,0,0.1332,0,0.0,1
267,100.799794,14.656929,2026-10-01 22:00:00,0.5051,1,0.6632,1,0.706,1,0.0355,0,0.0794,0,0.1077,0,0.0,1
268,101.030316,14.656929,2026-10-01 22:00:00,0.3934,1,0.5063,1,0.5928,1,0.0306,0,0.0568,0,0.116,0,0.0,1
269,101.260838,14.656929,2026-10-01 22:00:00,0.0453,0,0.1774,0,0.3221,0,0.0174,0,0.0426,0,0.1223,0,0.0042,1
270,101.491359,14.656929,2026-10-01 22:00:00,0.0707,0,0.2485,0,0.4127,1,0.0206,0,0.0568,0,0.1315,0,0.0457,1
271,101.721881,14.656929,2026-10-01 22:00:00,0.1006,0,0.3003,0,0.4285,1,0.022,0,0.0723,0,0.1659,0,0.1739,1
272,101.952403,14.656929,2026-10-01 22:00:00,0.1006,0,0.2877,0,0.3563,0,0.022,0,0.0723,0,0.1511,0,0.3712,1
273,102.182924,14.656929,2026-10-01 22:00:00,0.1332,0,0.3003,0,0.3951,0,0.0322,0,0.0794,0,0.1659,0,0.5911,1
274,102.413446,14.656929,2026-10-01 22:00:00,0.1006,0,0.2877,0,0.3221,0,0.0322,0,0.0723,0,0.1315,0,0.6531,1
275,102.643968,14.656929,2026-10-01 22:00:00,0.0848,0,0.2485,0,0.3221,0,0.0188,0,0.0723,0,0.1223,0,0.4993,1
276,102.874489,14.656929,2026-10-01 22:00:00,0.059,0,0.2227,0,0.3221,0,0.0188,0,0.0723,0,0.1315,0,0.3115,1
277,103.105011,14.656929,2026-10-01 22:00:00,0.0384,0,0.1854,0,0.1958,0,0.0174,0,0.0514,0,0.1019,0,0.1125,1
278,103.335533,14.656929,2026-10-01 22:00:00,0.0264,0,0.0968,0,0.1462,0,0.0136,0,0.0301,0,0.0619,0,0.0013,1
279,103.566054,14.656929,2026-10-01 22:00:00,0.0212,0,0.0741,0,0.1274,0,0.0174,0,0.0295,0,0.0579,0,0.0,1
280,103.796576,14.656929,2026-10-01 22:00:00,0.0322,0,0.1094,0,0.1715,0,0.0174,0,0.0372,0,0.0696,0,0.0,1
281,104.027098,14.656929,2026-10-01 22:00:00,0.0264,0,0.0724,0,0.1274,0,0.0174,0,0.0301,0,0.0691,0,0.002,1
282,104.257619,14.656929,2026-10-01 22:00:00,0.0429,0,0.1774,0,0.2618,0,0.022,0,0.0514,0,0.116,0,0.0324,1
283,104.488141,14.656929,2026-10-01 22:00:00,0.0272,0,0.1489,0,0.2158,0,0.0188,0,0.0568,0,0.1077,0,0.0334,1
284,104.718663,14.656929,2026-10-01 22:00:00,0.0453,0,0.1489,0,0.2324,0,0.022,0,0.0723,0,0.1077,0,0.0319,1
285,104.949184,14.656929,2026-10-01 22:00:00,0.0589,0,0.1489,0,0.2451,0,0.0306,0,0.0723,0,0.1077,0,0.032,1
286,105.179706,14.656929,2026-10-01 22:00:00,0.0435,0,0.1489,0,0.2295,0,0.0145,0,0.0433,0,0.1019,0,0.0045,1
287,105.410228,14.656929,2026-10-01 22:00:00,0.0848,0,0.266,0,0.3951,0,0.0338,0,0.1035,0,0.1695,0,0.0911,1
288,98.264056,14.883022,2026-10-01 22:00:00,0.0453,0,0.0979,0,0.2295,0,0.0081,0,0.0289,0,0.0922,0,0.0,1
289,98.494578,14.883022,2026-10-01 22:00:00,0.0589,0,0.1427,0,0.2661,0,0.0081,0,0.0301,0,0.0932,0,0.0,1
290,98.725099,14.883022,2026-10-01 22:00:00,0.0707,0,0.2227,0,0.3383,0,0.0136,0,0.0514,0,0.1223,0,0.0,1
291,98.955621,14.883022,2026-10-01 22:00:00,0.1006,0,0.2227,0,0.3563,0,0.0181,0,0.0438,0,0.116,0,0.0,1
292,99.186143,14.883022,2026-10-01 22:00:00,0.0322,0,0.0741,0,0.1903,0,0.0081,0,0.0238,0,0.0654,0,0.0,1
293,99.416664,14.883022,2026-10-01 22:00:00,0.0264,0,0.0741,0,0.1958,0,0.0077,0,0.0289,0,0.0619,0,0.0,1
294,99.647186,14.883022,2026-10-01 22:00:00,0.0589,0,0.1489,0,0.2618,0,0.0136,0,0.0301,0,0.0685,0,0.0,1
295,99.877708,14.883022,2026-10-01 22:00:00,0.3055,0,0.453,1,0.5438,1,0.0338,0,0.0723,0,0.0932,0,0.0,1
296,100.108229,14.883022,2026-10-01 22:00:00,0.4454,1,0.6229,1,0.6589,1,0.0322,0,0.0723,0,0.0932,0,0.0,1
297,100.338751,14.883022,2026-10-01 22:00:00,0.4454,1,0.5284,1,0.6589,1,0.0322,0,0.0661,0,0.0812,0,0.0,1
298,100.569273,14.883022,2026-10-01 22:00:00,0.3994,1,0.5856,1,0.6589,1,0.0338,0,0.0723,0,0.0844,0,0.0,1
299,100.799794,14.883022,2026-10-01 22:00:00,0.0707,0,0.1427,0,0.2618,0,0.0136,0,0.037,0,0.0685,0,0.0,1
300,101.030316,14.883022,2026-10-01 22:00:00,0.1242,0,0.2485,0,0.3656,0,0.0136,0,0.0433,0,0.0812,0,0.0,1
301,101.260838,14.883022,2026-10-01 22:00:00,0.0384,0,0.1427,0,0.2324,0,0.0136,0,0.0301,0,0.0939,0,0.0,1
302,101.491359,14.883022,2026-10-01 22:00:00,0.0453,0,0.1854,0,0.2891,0,0.0174,0,0.037,0,0.0939,0,0.0071,1
303,101.721881,14.883022,2026-10-01 22:00:00,0.0707,0,0.2227,0,0.3563,0,0.0206,0,0.0661,0,0.1315,0,0.0784,1
304,101.952403,14.883022,2026-10-01 22:00:00,0.0848,0,0.2227,0,0.2934,0,0.022,0,0.0661,0,0.1315,0,0.2268,1
305,102.182924,14.883022,2026-10-01 22:00:00,0.0848,0,0.2485,0,0.3221,0,0.022,0,0.0661,0,0.1315,0,0.3803,1
306,102.413446,14.883022,2026-10-01 22:00:00,0.0848,0,0.2355,0,0.2661,0,0.022,0,0.0661,0,0.1223,0,0.4254,1
307,102.643968,14.883022,2026-10-01 22:00:00,0.1006,0,0.2227,0,0.2618,0,0.0322,0,0.0723,0,0.1223,0,0.3668,1
308,102.874489,14.883022,2026-10-01 22:00:00,0.0477,0,0.1854,0,0.2324,0,0.0206,0,0.0794,0,0.116,0,0.2341,1
309,103.105011,14.883022,2026-10-01 22:00:00,0.0429,0,0.1345,0,0.1668,0,0.0136,0,0.0514,0,0.0833,0,0.0781,1
310,103.335533,14.883022,2026-10-01 22:00:00,0.0161,0,0.0632,0,0.1076,0,0.0136,0,0.0295,0,0.0571,0,0.0,1
311,103.566054,14.883022,2026-10-01 22:00:00,0.0208,0,0.0724,0,0.1381,0,0.0136,0,0.0301,0,0.0606,0,0.0,1
312,103.796576,14.883022,2026-10-01 22:00:00,0.0264,0,0.0959,0,0.1668,0,0.0095,0,0.0301,0,0.0691,0,0.0,1
313,104.027098,14.883022,2026-10-01 22:00:00,0.0264,0,0.1362,0,0.1752,0,0.0174,0,0.0514,0,0.0696,0,0.0,1
314,104.257619,14.883022,2026-10-01 22:00:00,0.0342,0,0.1489,0,0.2295,0,0.0188,0,0.0723,0,0.0932,0,0.031,1
315,104.488141,14.883022,2026-10-01 22:00:00,0.0322,0,0.1489,0,0.2158,0,0.022,0,0.0723,0,0.1019,0,0.031,1
316,104.718663,14.883022,2026-10-01 22:00:00,0.0384,0,0.1489,0,0.2324,0,0.0188,0,0.0723,0,0.1077,0,0.0308,1
317,104.949184,14.883022,2026-10-01 22:00:00,0.0342,0,0.1547,0,0.2618,0,0.0206,0,0.0794,0,0.116,0,0.0292,1
318,105.179706,14.883022,2026-10-01 22:00:00,0.0272,0,0.1489,0,0.2451,0,0.0145,0,0.0661,0,0.1019,0,0.0,1
319,105.410228,14.883022,2026-10-01 22:00:00,0.0848,0,0.3003,0,0.4285,1,0.0506,0,0.1094,0,0.1802,0,0.0491,1
320,98.264056,15.109115,2026-10-01 22:00:00,0.0453,0,0.1427,0,0.2451,0,0.0095,0,0.0289,0,0.0939,0,0.0,1
321,98.494578,15.109115,2026-10-01 22:00:00,0.0453,0,0.1489,0,0.2618,0,0.0145,0,0.037,0,0.1019,0,0.003,1
322,98.725099,15.109115,2026-10-01 22:00:00,0.059,0,0.1547,0,0.2618,0,0.0136,0,0.0372,0,0.0922,0,0.003,1
323,98.955621,15.109115,2026-10-01 22:00:00,0.0453,0,0.1547,0,0.2891,0,0.0081,0,0.0301,0,0.0691,0,0.0,1
324,99.186143,15.109115,2026-10-01 22:00:00,0.0384,0,0.1094,0,0.2158,0,0.0081,0,0.0238,0,0.0696,0,0.0,1
325,99.416664,15.109115,2026-10-01 22:00:00,0.0264,0,0.0979,0,0.1958,0,0.0081,0,0.0289,0,0.0654,0,0.0,1
326,99.647186,15.109115,2026-10-01 22:00:00,0.0435,0,0.1362,0,0.2451,0,0.0112,0,0.0301,0,0.0691,0,0.0,1
327,99.877708,15.109115,2026-10-01 22:00:00,0.1943,0,0.2997,0,0.4127,1,0.0145,0,0.0433,0,0.0691,0,0.0,1
328,100.108229,15.109115,2026-10-01 22:00:00,0.4565,1,0.5574,1,0.6659,1,0.0322,0,0.0661,0,0.0833,0,0.0,1
329,100.338751,15.109115,2026-10-01 22:00:00,0.3446,0,0.5514,1,0.6495,1,0.0306,0,0.0723,0,0.0812,0,0.0,1
330,100.569273,15.109115,2026-10-01 22:00:00,0.375,1,0.5063,1,0.5928,1,0.0183,0,0.0289,0,0.0844,0,0.0,1
331,100.799794,15.109115,2026-10-01 22:00:00,0.2266,0,0.3365,0,0.4808,1,0.022,0,0.037,0,0.0849,0,0.0,1
332,101.030316,15.109115,2026-10-01 22:00:00,0.138,0,0.2485,0,0.4127,1,0.0181,0,0.0438,0,0.0691,0,0.0,1
333,101.260838,15.109115,2026-10-01 22:00:00,0.0435,0,0.1094,0,0.1958,0,0.0136,0,0.0389,0,0.0691,0,0.0,1
334,101.491359,15.109115,2026-10-01 22:00:00,0.0429,0,0.1427,0,0.2451,0,0.0134,0,0.0301,0,0.0696,0,0.0,1
335,101.721881,15.109115,2026-10-01 22:00:00,0.0477,0,0.2102,0,0.3221,0,0.0181,0,0.0514,0,0.116,0,0.0014,1
336,101.952403,15.109115,2026-10-01 22:00:00,0.059,0,0.2227,0,0.2934,0,0.0338,0,0.0794,0,0.1315,0,0.0505,1
337,102.182924,15.109115,2026-10-01 22:00:00,0.0589,0,0.2227,0,0.2732,0,0.0188,0,0.0794,0,0.116,0,0.1464,1
338,102.413446,15.109115,2026-10-01 22:00:00,0.0707,0,0.2485,0,0.3563,0,0.022,0,0.0723,0,0.116,0,0.2137,1
339,102.643968,15.109115,2026-10-01 22:00:00,0.0848,0,0.2227,0,0.2732,0,0.0306,0,0.0723,0,0.116,0,0.1989,1
340,102.874489,15.109115,2026-10-01 22:00:00,0.0589,0,0.1774,0,0.2618,0,0.0206,0,0.0723,0,0.1019,0,0.1145,1
341,103.105011,15.109115,2026-10-01 22:00:00,0.0342,0,0.1362,0,0.1752,0,0.0181,0,0.0661,0,0.0849,0,0.0246,1
342,103.335533,15.109115,2026-10-01 22:00:00,0.0264,0,0.0901,0,0.1539,0,0.0136,0,0.0426,0,0.0685,0,0.0,1
343,103.566054,15.109115,2026-10-01 22:00:00,0.0264,0,0.0741,0,0.1462,0,0.0136,0,0.037,0,0.0619,0,0.0,1
344,103.796576,15.109115,2026-10-01 22:00:00,0.0264,0,0.0724,0,0.1286,0,0.0136,0,0.037,0,0.0619,0,0.0,1
345,104.027098,15.109115,2026-10-01 22:00:00,0.0384,0,0.1489,0,0.2451,0,0.0183,0,0.0661,0,0.1019,0,0.0,1
346,104.257619,15.109115,2026-10-01 22:00:00,0.0477,0,0.2102,0,0.2891,0,0.0338,0,0.0723,0,0.116,0,0.0186,1
347,104.488141,15.109115,2026-10-01 22:00:00,0.0589,0,0.1427,0,0.2324,0,0.0306,0,0.0568,0,0.0939,0,0.025,1
348,104.718663,15.109115,2026-10-01 22:00:00,0.0589,0,0.1854,0,0.2661,0,0.0355,0,0.1066,0,0.116,0,0.0249,1
349,104.949184,15.109115,2026-10-01 22:00:00,0.0453,0,0.1774,0,0.2618,0,0.0322,0,0.0875,0,0.116,0,0.0098,1
350,105.179706,15.109115,2026-10-01 22:00:00,0.0342,0,0.1489,0,0.2295,0,0.0403,0,0.0794,0,0.1315,0,0.0,1
351,105.410228,15.109115,2026-10-01 22:00:00,0.0477,0,0.1774,0,0.3221,0,0.0181,0,0.0433,0,0.0932,0,0.0078,1
352,98.494578,15.335208,2026-10-01 22:00:00,0.0589,0,0.1489,0,0.2518,0,0.0181,0,0.037,0,0.0939,0,0.0031,1
353,98.725099,15.335208,2026-10-01 22:00:00,0.0589,0,0.1547,0,0.2891,0,0.0095,0,0.0426,0,0.0849,0,0.003,1
354,98.955621,15.335208,2026-10-01 22:00:00,0.0589,0,0.1547,0,0.2618,0,0.0095,0,0.0301,0,0.0696,0,0.003,1
355,99.186143,15.335208,2026-10-01 22:00:00,0.0272,0,0.0968,0,0.1539,0,0.0053,0,0.0221,0,0.0546,0,0.0,1
356,99.416664,15.335208,2026-10-01 22:00:00,0.0429,0,0.0979,0,0.2158,0,0.0095,0,0.0289,0,0.0654,0,0.0,1
357,99.647186,15.335208,2026-10-01 22:00:00,0.0707,0,0.1427,0,0.2295,0,0.0136,0,0.0295,0,0.0579,0,0.0,1
358,99.877708,15.335208,2026-10-01 22:00:00,0.1943,0,0.2877,0,0.4285,1,0.0183,0,0.0438,0,0.0691,0,0.0,1
359,100.108229,15.335208,2026-10-01 22:00:00,0.3245,0,0.5514,1,0.6096,1,0.0206,0,0.0568,0,0.0691,0,0.0,1
360,100.338751,15.335208,2026-10-01 22:00:00,0.2493,0,0.2877,0,0.4477,1,0.0174,0,0.037,0,0.0691,0,0.0,1
361,100.569273,15.335208,2026-10-01 22:00:00,0.0429,0,0.0901,0,0.1668,0,0.0095,0,0.0238,0,0.0619,0,0.0,1
362,100.799794,15.335208,2026-10-01 22:00:00,0.1006,0,0.1774,0,0.2891,0,0.0134,0,0.0238,0,0.0504,0,0.0,1
363,101.030316,15.335208,2026-10-01 22:00:00,0.059,0,0.1094,0,0.2324,0,0.0145,0,0.0289,0,0.0579,0,0.0,1
364,101.260838,15.335208,2026-10-01 22:00:00,0.0453,0,0.0901,0,0.1958,0,0.0053,0,0.0221,0,0.0504,0,0.0,1
365,101.491359,15.335208,2026-10-01 22:00:00,0.0264,0,0.0724,0,0.1668,0,0.0081,0,0.0289,0,0.0571,0,0.0,1
366,101.721881,15.335208,2026-10-01 22:00:00,0.0264,0,0.0724,0,0.1286,0,0.0095,0,0.0289,0,0.0579,0,0.0,1
367,101.952403,15.335208,2026-10-01 22:00:00,0.0453,0,0.1427,0,0.2295,0,0.0183,0,0.0433,0,0.0691,0,0.0063,1
368,102.182924,15.335208,2026-10-01 22:00:00,0.0589,0,0.1774,0,0.2618,0,0.022,0,0.0514,0,0.0939,0,0.0195,1
369,102.413446,15.335208,2026-10-01 22:00:00,0.0707,0,0.1774,0,0.2295,0,0.0322,0,0.0661,0,0.0939,0,0.0549,1
370,102.643968,15.335208,2026-10-01 22:00:00,0.0589,0,0.1547,0,0.2324,0,0.022,0,0.0438,0,0.0685,0,0.0519,1
371,102.874489,15.335208,2026-10-01 22:00:00,0.0707,0,0.1854,0,0.2934,0,0.0338,0,0.0661,0,0.0939,0,0.0199,1
372,103.105011,15.335208,2026-10-01 22:00:00,0.0435,0,0.1427,0,0.2158,0,0.022,0,0.0514,0,0.0619,0,0.0,1
373,103.335533,15.335208,2026-10-01 22:00:00,0.0264,0,0.0901,0,0.1462,0,0.0183,0,0.0426,0,0.0504,0,0.0,1
374,103.566054,15.335208,2026-10-01 22:00:00,0.0212,0,0.0632,0,0.1076,0,0.0136,0,0.0289,0,0.0504,0,0.0,1
375,103.796576,15.335208,2026-10-01 22:00:00,0.0264,0,0.0724,0,0.1176,0,0.0206,0,0.0289,0,0.0579,0,0.0,1
376,104.027098,15.335208,2026-10-01 22:00:00,0.0342,0,0.1489,0,0.1958,0,0.0183,0,0.0372,0,0.0932,0,0.0,1
377,104.257619,15.335208,2026-10-01 22:00:00,0.0384,0,0.1427,0,0.1958,0,0.0306,0,0.0438,0,0.0939,0,0.0013,1
378,104.488141,15.335208,2026-10-01 22:00:00,0.0264,0,0.1094,0,0.1668,0,0.0183,0,0.0426,0,0.0691,0,0.0073,1
379,104.718663,15.335208,2026-10-01 22:00:00,0.0272,0,0.1427,0,0.1903,0,0.0306,0,0.0794,0,0.1019,0,0.0066,1
380,104.949184,15.335208,2026-10-01 22:00:00,0.059,0,0.1489,0,0.2158,0,0.0338,0,0.0723,0,0.0939,0,0.0,1
381,105.179706,15.335208,2026-10-01 22:00:00,0.0477,0,0.1547,0,0.2451,0,0.0322,0,0.0568,0,0.1315,0,0.0,1
382,105.410228,15.335208,2026-10-01 22:00:00,0.0707,0,0.1489,0,0.2451,0,0.0322,0,0.0723,0,0.1019,0,0.0286,1
383,98.725099,15.561301,2026-10-01 22:00:00,0.0848,0,0.2997,0,0.3656,0,0.0136,0,0.0661,0,0.1315,0,0.1145,1
384,98.955621,15.561301,2026-10-01 22:00:00,0.059,0,0.1774,0,0.2518,0,0.0095,0,0.037,0,0.0849,0,0.0841,1
385,99.186143,15.561301,2026-10-01 22:00:00,0.0212,0,0.0724,0,0.1539,0,0.0051,0,0.0221,0,0.0606,0,0.0234,1
386,99.416664,15.561301,2026-10-01 22:00:00,0.0264,0,0.0632,0,0.1462,0,0.0053,0,0.0221,0,0.0579,0,0.0,1
387,99.647186,15.561301,2026-10-01 22:00:00,0.059,0,0.1489,0,0.2618,0,0.0136,0,0.0438,0,0.0849,0,0.0,1
388,99.877708,15.561301,2026-10-01 22:00:00,0.3055,0,0.3561,1,0.4285,1,0.0306,0,0.0568,0,0.0849,0,0.0,1
389,100.108229,15.561301,2026-10-01 22:00:00,0.5469,1,0.5284,1,0.6096,1,0.0462,0,0.0875,0,0.0939,0,0.0,1
390,100.338751,15.561301,2026-10-01 22:00:00,0.163,0,0.2227,0,0.3383,0,0.0205,0,0.0301,0,0.0619,0,0.0,1
391,100.569273,15.561301,2026-10-01 22:00:00,0.3245,0,0.3049,0,0.4127,1,0.022,0,0.0295,0,0.0619,0,0.0,1
392,100.799794,15.561301,2026-10-01 22:00:00,0.0264,0,0.0632,0,0.1274,0,0.0081,0,0.0221,0,0.0504,0,0.0,1
393,101.030316,15.561301,2026-10-01 22:00:00,0.0264,0,0.0724,0,0.1539,0,0.0033,0,0.0171,0,0.0303,0,0.0,1
394,101.260838,15.561301,2026-10-01 22:00:00,0.0264,0,0.0632,0,0.1076,0,0.008,0,0.0176,0,0.0391,0,0.0,1
395,101.491359,15.561301,2026-10-01 22:00:00,0.0342,0,0.0901,0,0.1668,0,0.0095,0,0.0238,0,0.0571,0,0.0,1
396,101.721881,15.561301,2026-10-01 22:00:00,0.0264,0,0.0632,0,0.1076,0,0.0095,0,0.0238,0,0.0504,0,0.0,1
397,101.952403,15.561301,2026-10-01 22:00:00,0.0264,0,0.0632,0,0.1176,0,0.0136,0,0.0289,0,0.0504,0,0.0,1
398,102.182924,15.561301,2026-10-01 22:00:00,0.0429,0,0.0724,0,0.1076,0,0.0181,0,0.037,0,0.0579,0,0.0007,1
399,102.413446,15.561301,2026-10-01 22:00:00,0.0477,0,0.0741,0,0.1176,0,0.022,0,0.0372,0,0.0579,0,0.0014,1
400,102.643968,15.561301,2026-10-01 22:00:00,0.0435,0,0.0632,0,0.1076,0,0.022,0,0.0289,0,0.0504,0,0.0,1
401,102.874489,15.561301,2026-10-01 22:00:00,0.0272,0,0.0741,0,0.1668,0,0.0081,0,0.0176,0,0.0407,0,0.0,1
402,103.105011,15.561301,2026-10-01 22:00:00,0.0429,0,0.0968,0,0.1539,0,0.022,0,0.0301,0,0.0579,0,0.0,1
403,103.335533,15.561301,2026-10-01 22:00:00,0.0161,0,0.047,0,0.0926,0,0.0081,0,0.0238,0,0.0407,0,0.0,1
404,103.566054,15.561301,2026-10-01 22:00:00,0.0264,0,0.054,0,0.1076,0,0.0081,0,0.0238,0,0.0579,0,0.0,1
405,103.796576,15.561301,2026-10-01 22:00:00,0.0264,0,0.0901,0,0.1381,0,0.0181,0,0.0295,0,0.0619,0,0.0,1
406,104.027098,15.561301,2026-10-01 22:00:00,0.0435,0,0.1094,0,0.1668,0,0.0275,0,0.0433,0,0.0849,0,0.0,1
407,104.257619,15.561301,2026-10-01 22:00:00,0.0264,0,0.0979,0,0.1668,0,0.0183,0,0.037,0,0.0691,0,0.0,1
408,104.488141,15.561301,2026-10-01 22:00:00,0.0264,0,0.1094,0,0.1958,0,0.0136,0,0.037,0,0.0812,0,0.0,1
409,104.718663,15.561301,2026-10-01 22:00:00,0.0848,0,0.1774,0,0.2618,0,0.0355,0,0.0723,0,0.1077,0,0.0,1
410,104.949184,15.561301,2026-10-01 22:00:00,0.0848,0,0.2102,0,0.2934,0,0.0462,0,0.1035,0,0.1223,0,0.0,1
411,105.179706,15.561301,2026-10-01 22:00:00,0.059,0,0.1774,0,0.2891,0,0.0338,0,0.0875,0,0.1315,0,0.0144,1
412,105.410228,15.561301,2026-10-01 22:00:00,0.1006,0,0.1774,0,0.2451,0,0.0338,0,0.0794,0,0.1315,0,0.1344,1
413,98.725099,15.787394,2026-10-01 22:00:00,0.1083,0,0.2485,0,0.3563,0,0.0174,0,0.0568,0,0.116,0,0.1814,1
414,98.955621,15.787394,2026-10-01 22:00:00,0.1006,0,0.2879,0,0.3906,0,0.0136,0,0.0514,0,0.1077,0,0.1538,1
415,99.186143,15.787394,2026-10-01 22:00:00,0.0477,0,0.1774,0,0.2324,0,0.0097,0,0.0301,0,0.0745,0,0.0824,1
416,99.416664,15.787394,2026-10-01 22:00:00,0.0453,0,0.1094,0,0.1958,0,0.0136,0,0.0301,0,0.0812,0,0.0068,1
417,99.647186,15.787394,2026-10-01 22:00:00,0.0848,0,0.1774,0,0.2618,0,0.0181,0,0.0438,0,0.0745,0,0.0,1
418,99.877708,15.787394,2026-10-01 22:00:00,0.2264,0,0.2879,0,0.3906,0,0.0275,0,0.0514,0,0.0696,0,0.0,1
419,100.108229,15.787394,2026-10-01 22:00:00,0.3346,0,0.453,1,0.4808,1,0.0338,0,0.0661,0,0.0691,0,0.0,1
420,100.338751,15.787394,2026-10-01 22:00:00,0.3828,1,0.3686,1,0.4808,1,0.0322,0,0.0301,0,0.0579,0,0.0,1
421,100.569273,15.787394,2026-10-01 22:00:00,0.1491,0,0.1774,0,0.3221,0,0.0081,0,0.0171,0,0.0504,0,0.0,1
422,100.799794,15.787394,2026-10-01 22:00:00,0.0208,0,0.0538,0,0.1274,0,0.0033,0,0.013,0,0.0391,0,0.0,1
423,101.030316,15.787394,2026-10-01 22:00:00,0.0264,0,0.0632,0,0.1462,0,0.0033,0,0.013,0,0.0299,0,0.0,1
424,101.260838,15.787394,2026-10-01 22:00:00,0.0164,0,0.0632,0,0.1076,0,0.0045,0,0.0221,0,0.0351,0,0.0,1
425,101.491359,15.787394,2026-10-01 22:00:00,0.0161,0,0.0538,0,0.1076,0,0.0033,0,0.0171,0,0.0391,0,0.0,1
426,101.721881,15.787394,2026-10-01 22:00:00,0.01,0,0.0373,0,0.0926,0,0.0033,0,0.013,0,0.0351,0,0.0,1
427,101.952403,15.787394,2026-10-01 22:00:00,0.0067,0,0.0315,0,0.0692,0,0.003,0,0.013,0,0.0244,0,0.0,1
428,102.182924,15.787394,2026-10-01 22:00:00,0.0123,0,0.0315,0,0.073,0,0.0031,0,0.013,0,0.0244,0,0.0,1
429,102.413446,15.787394,2026-10-01 22:00:00,0.0208,0,0.047,0,0.073,0,0.0053,0,0.0171,0,0.03,0,0.0,1
430,102.643968,15.787394,2026-10-01 22:00:00,0.0272,0,0.047,0,0.0825,0,0.0081,0,0.0176,0,0.0391,0,0.0,1
431,102.874489,15.787394,2026-10-01 22:00:00,0.0453,0,0.0632,0,0.1076,0,0.022,0,0.0295,0,0.0571,0,0.0,1
432,103.105011,15.787394,2026-10-01 22:00:00,0.0272,0,0.054,0,0.0926,0,0.0136,0,0.0238,0,0.0456,0,0.0,1
433,103.335533,15.787394,2026-10-01 22:00:00,0.0264,0,0.0538,0,0.0926,0,0.0081,0,0.0221,0,0.0504,0,0.0,1
434,103.566054,15.787394,2026-10-01 22:00:00,0.0212,0,0.047,0,0.0926,0,0.0053,0,0.013,0,0.0391,0,0.0,1
435,103.796576,15.787394,2026-10-01 22:00:00,0.0429,0,0.0724,0,0.1176,0,0.0174,0,0.0289,0,0.0619,0,0.0,1
436,104.027098,15.787394,2026-10-01 22:00:00,0.0208,0,0.0934,0,0.1668,0,0.0095,0,0.0221,0,0.0606,0,0.0,1
437,104.257619,15.787394,2026-10-01 22:00:00,0.0453,0,0.1489,0,0.2661,0,0.0183,0,0.0433,0,0.0691,0,0.0,1
438,104.488141,15.787394,2026-10-01 22:00:00,0.0429,0,0.1774,0,0.2661,0,0.0174,0,0.0433,0,0.0849,0,0.0,1
439,104.718663,15.787394,2026-10-01 22:00:00,0.0384,0,0.1489,0,0.2382,0,0.0174,0,0.0514,0,0.1004,0,0.0,1
440,104.949184,15.787394,2026-10-01 22:00:00,0.0589,0,0.1489,0,0.2518,0,0.0181,0,0.0514,0,0.0922,0,0.0,1
441,105.179706,15.787394,2026-10-01 22:00:00,0.059,0,0.1547,0,0.2295,0,0.0206,0,0.0723,0,0.1077,0,0.0531,1
442,105.410228,15.787394,2026-10-01 22:00:00,0.1006,0,0.1774,0,0.2451,0,0.0322,0,0.0794,0,0.116,0,0.1895,1
443,98.725099,16.013487,2026-10-01 22:00:00,0.138,0,0.266,0,0.3656,0,0.022,0,0.0514,0,0.116,0,0.1801,1
444,98.955621,16.013487,2026-10-01 22:00:00,0.1083,0,0.3097,0,0.4285,1,0.0174,0,0.0661,0,0.1332,0,0.1692,1
445,99.186143,16.013487,2026-10-01 22:00:00,0.0589,0,0.1774,0,0.2324,0,0.0136,0,0.0301,0,0.0844,0,0.0973,1
446,99.416664,16.013487,2026-10-01 22:00:00,0.0589,0,0.1489,0,0.2518,0,0.0136,0,0.0301,0,0.0833,0,0.0143,1
447,99.647186,16.013487,2026-10-01 22:00:00,0.1006,0,0.1547,0,0.2618,0,0.0188,0,0.0514,0,0.0833,0,0.0,1
448,99.877708,16.013487,2026-10-01 22:00:00,0.1947,0,0.2227,0,0.3221,0,0.022,0,0.0438,0,0.0691,0,0.0,1
449,100.108229,16.013487,2026-10-01 22:00:00,0.268,0,0.3365,0,0.4285,1,0.0188,0,0.0372,0,0.0579,0,0.0,1
450,100.338751,16.013487,2026-10-01 22:00:00,0.2238,0,0.3049,0,0.4477,1,0.0134,0,0.0301,0,0.0504,0,0.0,1
451,100.569273,16.013487,2026-10-01 22:00:00,0.1083,0,0.1427,0,0.2618,0,0.0081,0,0.0176,0,0.0391,0,0.0,1
452,100.799794,16.013487,2026-10-01 22:00:00,0.0272,0,0.0724,0,0.1539,0,0.0053,0,0.0221,0,0.0391,0,0.0,1
453,101.030316,16.013487,2026-10-01 22:00:00,0.01,0,0.0373,0,0.0926,0,0.0024,0,0.0171,0,0.0321,0,0.0,1
454,101.260838,16.013487,2026-10-01 22:00:00,0.0264,0,0.0632,0,0.1176,0,0.0095,0,0.0221,0,0.0456,0,0.0,1
455,101.491359,16.013487,2026-10-01 22:00:00,0.01,0,0.0373,0,0.0825,0,0.0024,0,0.0079,0,0.0244,0,0.0,1
456,101.721881,16.013487,2026-10-01 22:00:00,0.0063,0,0.0253,0,0.0692,0,0.0003,0,0.005,0,0.0191,0,0.0,1
457,101.952403,16.013487,2026-10-01 22:00:00,0.01,0,0.0448,0,0.0926,0,0.0008,0,0.0079,0,0.0244,0,0.0,1
458,102.182924,16.013487,2026-10-01 22:00:00,0.0067,0,0.0288,0,0.0437,0,0.0024,0,0.005,0,0.0159,0,0.0,1
459,102.413446,16.013487,2026-10-01 22:00:00,0.01,0,0.0315,0,0.0437,0,0.0008,0,0.005,0,0.0191,0,0.0,1
460,102.643968,16.013487,2026-10-01 22:00:00,0.0067,0,0.0228,0,0.0437,0,0.0024,0,0.0063,0,0.0178,0,0.0,1
461,102.874489,16.013487,2026-10-01 22:00:00,0.0161,0,0.0373,0,0.073,0,0.008,0,0.013,0,0.0391,0,0.0,1
462,103.105011,16.013487,2026-10-01 22:00:00,0.0161,0,0.047,0,0.0926,0,0.0053,0,0.0176,0,0.0407,0,0.0,1
463,103.335533,16.013487,2026-10-01 22:00:00,0.0063,0,0.0217,0,0.0333,0,0.0031,0,0.005,0,0.0143,0,0.0,1
464,103.566054,16.013487,2026-10-01 22:00:00,0.01,0,0.047,0,0.073,0,0.0053,0,0.013,0,0.0407,0,0.0,1
465,103.796576,16.013487,2026-10-01 22:00:00,0.0208,0,0.054,0,0.0926,0,0.0095,0,0.0176,0,0.0504,0,0.0,1
466,104.027098,16.013487,2026-10-01 22:00:00,0.0212,0,0.0724,0,0.1076,0,0.0136,0,0.0289,0,0.0571,0,0.0,1
467,104.257619,16.013487,2026-10-01 22:00:00,0.0342,0,0.1427,0,0.2158,0,0.0095,0,0.0301,0,0.0579,0,0.0,1
468,104.488141,16.013487,2026-10-01 22:00:00,0.0477,0,0.1928,0,0.2661,0,0.0183,0,0.0438,0,0.0939,0,0.0,1
469,104.718663,16.013487,2026-10-01 22:00:00,0.0384,0,0.1427,0,0.2661,0,0.0136,0,0.0289,0,0.0745,0,0.0,1
470,104.949184,16.013487,2026-10-01 22:00:00,0.0453,0,0.1489,0,0.2451,0,0.0188,0,0.0723,0,0.1019,0,0.0,1
471,105.179706,16.013487,2026-10-01 22:00:00,0.0589,0,0.1547,0,0.2295,0,0.0188,0,0.0794,0,0.1077,0,0.0535,1
472,105.410228,16.013487,2026-10-01 22:00:00,0.0848,0,0.1774,0,0.2324,0,0.0322,0,0.0875,0,0.1315,0,0.161,1
473,98.955621,16.23958,2026-10-01 22:00:00,0.1242,0,0.2485,0,0.3656,0,0.022,0,0.0514,0,0.1019,0,0.1584,1
474,99.186143,16.23958,2026-10-01 22:00:00,0.066,0,0.1854,0,0.2618,0,0.0136,0,0.037,0,0.0696,0,0.0708,1
475,99.416664,16.23958,2026-10-01 22:00:00,0.0264,0,0.0724,0,0.1462,0,0.0095,0,0.0289,0,0.0654,0,0.0023,1
476,99.647186,16.23958,2026-10-01 22:00:00,0.1242,0,0.1774,0,0.2618,0,0.022,0,0.0433,0,0.0619,0,0.0,1
477,99.877708,16.23958,2026-10-01 22:00:00,0.1849,0,0.1774,0,0.2618,0,0.0244,0,0.0301,0,0.0579,0,0.0,1
478,100.108229,16.23958,2026-10-01 22:00:00,0.163,0,0.1824,0,0.3563,0,0.0174,0,0.0289,0,0.0456,0,0.0,1
479,100.338751,16.23958,2026-10-01 22:00:00,0.1943,0,0.2159,0,0.3563,0,0.0136,0,0.0238,0,0.0456,0,0.0,1
480,100.569273,16.23958,2026-10-01 22:00:00,0.0848,0,0.1345,0,0.2158,0,0.0053,0,0.0176,0,0.0391,0,0.0,1
481,100.799794,16.23958,2026-10-01 22:00:00,0.0212,0,0.0632,0,0.1076,0,0.0033,0,0.0171,0,0.0433,0,0.0,1
482,101.030316,16.23958,2026-10-01 22:00:00,0.0264,0,0.0632,0,0.1076,0,0.0053,0,0.0171,0,0.0407,0,0.0,1
483,101.260838,16.23958,2026-10-01 22:00:00,0.0264,0,0.0632,0,0.1176,0,0.0053,0,0.0171,0,0.0391,0,0.0,1
484,101.491359,16.23958,2026-10-01 22:00:00,0.0161,0,0.0632,0,0.1076,0,0.0053,0,0.0176,0,0.0391,0,0.0,1
485,101.721881,16.23958,2026-10-01 22:00:00,0.0208,0,0.0632,0,0.1286,0,0.0031,0,0.013,0,0.0244,0,0.0,1
486,101.952403,16.23958,2026-10-01 22:00:00,0.0061,0,0.0253,0,0.0583,0,0.0008,0,0.005,0,0.0174,0,0.0,1
487,102.182924,16.23958,2026-10-01 22:00:00,0.0067,0,0.0315,0,0.0692,0,0.0008,0,0.0079,0,0.0174,0,0.0,1
488,102.413446,16.23958,2026-10-01 22:00:00,0.0063,0,0.0315,0,0.0692,0,0.0008,0,0.005,0,0.0299,0,0.0,1
489,102.643968,16.23958,2026-10-01 22:00:00,0.0067,0,0.0373,0,0.073,0,0.0016,0,0.0079,0,0.0351,0,0.0,1
490,102.874489,16.23958,2026-10-01 22:00:00,0.0063,0,0.0315,0,0.073,0,0.0031,0,0.0063,0,0.0321,0,0.0,1
491,103.105011,16.23958,2026-10-01 22:00:00,0.0063,0,0.0448,0,0.0825,0,0.0024,0,0.013,0,0.0391,0,0.0,1
492,103.335533,16.23958,2026-10-01 22:00:00,0.0061,0,0.0142,0,0.0333,0,0.0008,0,0.005,0,0.0159,0,0.0,1
493,103.566054,16.23958,2026-10-01 22:00:00,0.0067,0,0.0228,0,0.0437,0,0.0031,0,0.005,0,0.0174,0,0.0,1
494,103.796576,16.23958,2026-10-01 22:00:00,0.0123,0,0.047,0,0.0926,0,0.004,0,0.0171,0,0.0351,0,0.0,1
495,104.027098,16.23958,2026-10-01 22:00:00,0.0208,0,0.0632,0,0.1076,0,0.0081,0,0.0238,0,0.0579,0,0.0,1
496,104.257619,16.23958,2026-10-01 22:00:00,0.0264,0,0.0741,0,0.1274,0,0.0095,0,0.0289,0,0.0619,0,0.0,1
497,104.488141,16.23958,2026-10-01 22:00:00,0.0322,0,0.1427,0,0.2158,0,0.0095,0,0.037,0,0.0691,0,0.0,1
498,104.718663,16.23958,2026-10-01 22:00:00,0.0264,0,0.1345,0,0.2451,0,0.0081,0,0.0221,0,0.0579,0,0.0,1
499,104.949184,16.23958,2026-10-01 22:00:00,0.0435,0,0.1345,0,0.2324,0,0.0095,0,0.0289,0,0.0691,0,0.0,1
500,98.725099,16.465673,2026-10-01 22:00:00,0.138,0,0.2485,0,0.41,1,0.0403,0,0.0438,0,0.116,0,0.0979,1
501,98.955621,16.465673,2026-10-01 22:00:00,0.138,0,0.2485,0,0.3951,0,0.0322,0,0.0661,0,0.1077,0,0.055,1
502,99.186143,16.465673,2026-10-01 22:00:00,0.0848,0,0.1547,0,0.2891,0,0.0206,0,0.0426,0,0.0849,0,0.0122,1
503,99.416664,16.465673,2026-10-01 22:00:00,0.0589,0,0.0979,0,0.1958,0,0.0174,0,0.037,0,0.0696,0,0.0008,1
504,99.647186,16.465673,2026-10-01 22:00:00,0.138,0,0.1489,0,0.2324,0,0.0322,0,0.0301,0,0.0619,0,0.0,1
505,99.877708,16.465673,2026-10-01 22:00:00,0.0848,0,0.1427,0,0.2618,0,0.0081,0,0.0238,0,0.0504,0,0.0,1
506,100.108229,16.465673,2026-10-01 22:00:00,0.163,0,0.1854,0,0.3383,0,0.0136,0,0.0221,0,0.0456,0,0.0,1
507,100.338751,16.465673,2026-10-01 22:00:00,0.2266,0,0.2227,0,0.3656,0,0.0206,0,0.0238,0,0.0407,0,0.0,1
508,100.569273,16.465673,2026-10-01 22:00:00,0.1006,0,0.1489,0,0.2618,0,0.0053,0,0.0171,0,0.0407,0,0.0,1
509,100.799794,16.465673,2026-10-01 22:00:00,0.0384,0,0.0724,0,0.1286,0,0.0081,0,0.0221,0,0.0407,0,0.0,1
510,101.030316,16.465673,2026-10-01 22:00:00,0.0342,0,0.0741,0,0.1286,0,0.0081,0,0.0176,0,0.0407,0,0.0,1
511,101.260838,16.465673,2026-10-01 22:00:00,0.0208,0,0.0538,0,0.1076,0,0.0033,0,0.0079,0,0.0303,0,0.0,1
512,101.491359,16.465673,2026-10-01 22:00:00,0.0384,0,0.0632,0,0.1076,0,0.0077,0,0.0171,0,0.03,0,0.0,1
513,101.721881,16.465673,2026-10-01 22:00:00,0.0161,0,0.0373,0,0.073,0,0.0033,0,0.0079,0,0.0244,0,0.0,1
514,101.952403,16.465673,2026-10-01 22:00:00,0.0067,0,0.0315,0,0.0692,0,0.0008,0,0.005,0,0.0174,0,0.0,1
515,102.182924,16.465673,2026-10-01 22:00:00,0.0067,0,0.0373,0,0.073,0,0.0031,0,0.0079,0,0.0244,0,0.0,1
516,102.413446,16.465673,2026-10-01 22:00:00,0.01,0,0.0254,0,0.0583,0,0.0008,0,0.005,0,0.0244,0,0.0,1
517,102.643968,16.465673,2026-10-01 22:00:00,0.01,0,0.0339,0,0.073,0,0.0008,0,0.0079,0,0.0321,0,0.0,1
518,102.874489,16.465673,2026-10-01 22:00:00,0.0063,0,0.0339,0,0.073,0,0.0008,0,0.013,0,0.0351,0,0.0,1
519,103.105011,16.465673,2026-10-01 22:00:00,0.0067,0,0.047,0,0.0926,0,0.0024,0,0.013,0,0.0456,0,0.0,1
520,103.335533,16.465673,2026-10-01 22:00:00,0.0061,0,0.0315,0,0.073,0,0.0024,0,0.0079,0,0.03,0,0.0,1
521,103.566054,16.465673,2026-10-01 22:00:00,0.01,0,0.0315,0,0.047,0,0.0008,0,0.0063,0,0.0191,0,0.0,1
522,103.796576,16.465673,2026-10-01 22:00:00,0.01,0,0.047,0,0.0926,0,0.0033,0,0.013,0,0.0361,0,0.0,1
523,104.027098,16.465673,2026-10-01 22:00:00,0.01,0,0.0373,0,0.0926,0,0.0031,0,0.013,0,0.0351,0,0.0,1
524,104.257619,16.465673,2026-10-01 22:00:00,0.0208,0,0.0632,0,0.1286,0,0.0081,0,0.0289,0,0.0571,0,0.0,1
525,104.488141,16.465673,2026-10-01 22:00:00,0.0212,0,0.0724,0,0.1286,0,0.0095,0,0.0238,0,0.0579,0,0.0,1
526,104.718663,16.465673,2026-10-01 22:00:00,0.0264,0,0.0741,0,0.1274,0,0.0081,0,0.0238,0,0.0579,0,0.0,1
527,98.725099,16.691766,2026-10-01 22:00:00,0.1006,0,0.1774,0,0.3221,0,0.0355,0,0.0433,0,0.1315,0,0.0008,1
528,98.955621,16.691766,2026-10-01 22:00:00,0.0848,0,0.1489,0,0.2891,0,0.022,0,0.0372,0,0.0833,0,0.0008,1
529,99.186143,16.691766,2026-10-01 22:00:00,0.0429,0,0.1345,0,0.1958,0,0.0134,0,0.0238,0,0.0579,0,0.0008,1
530,99.416664,16.691766,2026-10-01 22:00:00,0.1006,0,0.1094,0,0.1903,0,0.0306,0,0.037,0,0.0654,0,0.0008,1
531,99.647186,16.691766,2026-10-01 22:00:00,0.1849,0,0.1774,0,0.2451,0,0.0306,0,0.0301,0,0.0579,0,0.0,1
532,99.877708,16.691766,2026-10-01 22:00:00,0.163,0,0.0979,0,0.1539,0,0.004,0,0.013,0,0.03,0,0.0,1
533,100.108229,16.691766,2026-10-01 22:00:00,0.2238,0,0.2227,0,0.3563,0,0.0206,0,0.0289,0,0.0504,0,0.0,1
534,100.338751,16.691766,2026-10-01 22:00:00,0.2493,0,0.2227,0,0.3221,0,0.0188,0,0.0301,0,0.0579,0,0.0,1
535,100.569273,16.691766,2026-10-01 22:00:00,0.2266,0,0.2102,0,0.2891,0,0.0136,0,0.0221,0,0.0571,0,0.0,1
536,100.799794,16.691766,2026-10-01 22:00:00,0.059,0,0.1094,0,0.1903,0,0.0081,0,0.0221,0,0.0407,0,0.0,1
537,101.030316,16.691766,2026-10-01 22:00:00,0.1006,0,0.1854,0,0.2661,0,0.0174,0,0.0295,0,0.0619,0,0.0,1
538,101.260838,16.691766,2026-10-01 22:00:00,0.0707,0,0.1547,0,0.2451,0,0.0174,0,0.0295,0,0.0654,0,0.0,1
539,101.491359,16.691766,2026-10-01 22:00:00,0.0453,0,0.0979,0,0.1642,0,0.0095,0,0.0176,0,0.0391,0,0.0,1
540,101.721881,16.691766,2026-10-01 22:00:00,0.0208,0,0.047,0,0.0926,0,0.0033,0,0.0079,0,0.0299,0,0.0,1
541,101.952403,16.691766,2026-10-01 22:00:00,0.0208,0,0.0538,0,0.0926,0,0.0033,0,0.013,0,0.0303,0,0.0,1
542,102.182924,16.691766,2026-10-01 22:00:00,0.0132,0,0.047,0,0.0926,0,0.0008,0,0.0079,0,0.0299,0,0.0,1
543,102.413446,16.691766,2026-10-01 22:00:00,0.0161,0,0.0373,0,0.073,0,0.0008,0,0.0079,0,0.0299,0,0.0,1
544,102.643968,16.691766,2026-10-01 22:00:00,0.0161,0,0.0339,0,0.073,0,0.0018,0,0.005,0,0.0351,0,0.0,1
545,102.874489,16.691766,2026-10-01 22:00:00,0.0067,0,0.047,0,0.0926,0,0.0031,0,0.013,0,0.0351,0,0.0,1
546,103.105011,16.691766,2026-10-01 22:00:00,0.0123,0,0.054,0,0.1076,0,0.0033,0,0.0171,0,0.0571,0,0.0,1
547,103.335533,16.691766,2026-10-01 22:00:00,0.01,0,0.0632,0,0.0926,0,0.0031,0,0.013,0,0.0504,0,0.0,1
548,103.566054,16.691766,2026-10-01 22:00:00,0.0127,0,0.047,0,0.0926,0,0.0033,0,0.013,0,0.0391,0,0.0,1
549,103.796576,16.691766,2026-10-01 22:00:00,0.0264,0,0.0741,0,0.1274,0,0.0095,0,0.0221,0,0.0579,0,0.0,1
550,104.027098,16.691766,2026-10-01 22:00:00,0.0161,0,0.0724,0,0.1668,0,0.0033,0,0.013,0,0.0504,0,0.0,1
551,104.257619,16.691766,2026-10-01 22:00:00,0.0212,0,0.0724,0,0.1381,0,0.0081,0,0.0221,0,0.0504,0,0.0,1
552,104.488141,16.691766,2026-10-01 22:00:00,0.0161,0,0.0538,0,0.1076,0,0.0033,0,0.013,0,0.0504,0,0.0,1
553,104.718663,16.691766,2026-10-01 22:00:00,0.0208,0,0.0448,0,0.1076,0,0.0033,0,0.013,0,0.0407,0,0.0,1
554,98.725099,16.917858,2026-10-01 22:00:00,0.0208,0,0.054,0,0.1286,0,0.0033,0,0.013,0,0.0351,0,0.0,1
555,98.955621,16.917858,2026-10-01 22:00:00,0.0589,0,0.1094,0,0.2158,0,0.0136,0,0.0289,0,0.0619,0,0.0008,1
556,99.186143,16.917858,2026-10-01 22:00:00,0.0322,0,0.0724,0,0.1381,0,0.0136,0,0.0238,0,0.0504,0,0.0008,1
557,99.416664,16.917858,2026-10-01 22:00:00,0.0322,0,0.0632,0,0.1286,0,0.0095,0,0.0238,0,0.0571,0,0.0,1
558,99.647186,16.917858,2026-10-01 22:00:00,0.0264,0,0.0632,0,0.1176,0,0.0045,0,0.0221,0,0.0407,0,0.0,1
559,99.877708,16.917858,2026-10-01 22:00:00,0.1701,0,0.1345,0,0.2158,0,0.022,0,0.0176,0,0.0391,0,0.0,1
560,100.108229,16.917858,2026-10-01 22:00:00,0.3245,0,0.2227,0,0.3656,0,0.022,0,0.0289,0,0.0579,0,0.0,1
561,100.338751,16.917858,2026-10-01 22:00:00,0.2481,0,0.2159,0,0.3221,0,0.022,0,0.0301,0,0.0579,0,0.0,1
562,100.569273,16.917858,2026-10-01 22:00:00,0.0453,0,0.0959,0,0.1642,0,0.0174,0,0.0289,0,0.0619,0,0.0,1
563,100.799794,16.917858,2026-10-01 22:00:00,0.1242,0,0.1774,0,0.3221,0,0.0183,0,0.0295,0,0.0812,0,0.0,1
564,101.030316,16.917858,2026-10-01 22:00:00,0.138,0,0.2159,0,0.41,1,0.022,0,0.0301,0,0.0691,0,0.0,1
565,101.260838,16.917858,2026-10-01 22:00:00,0.0264,0,0.0724,0,0.1539,0,0.0053,0,0.013,0,0.0504,0,0.0,1
566,101.491359,16.917858,2026-10-01 22:00:00,0.0453,0,0.0979,0,0.1752,0,0.0081,0,0.0221,0,0.0456,0,0.0,1
567,101.721881,16.917858,2026-10-01 22:00:00,0.0384,0,0.0724,0,0.1274,0,0.0053,0,0.013,0,0.0391,0,0.0,1
568,101.952403,16.917858,2026-10-01 22:00:00,0.0123,0,0.047,0,0.0926,0,0.0018,0,0.013,0,0.0321,0,0.0,1
569,102.182924,16.917858,2026-10-01 22:00:00,0.0111,0,0.0373,0,0.073,0,0.0024,0,0.0079,0,0.0351,0,0.0,1
570,102.413446,16.917858,2026-10-01 22:00:00,0.0123,0,0.054,0,0.0926,0,0.0008,0,0.013,0,0.0357,0,0.0,1
571,102.643968,16.917858,2026-10-01 22:00:00,0.0161,0,0.0632,0,0.1076,0,0.0031,0,0.013,0,0.0456,0,0.0,1
572,102.874489,16.917858,2026-10-01 22:00:00,0.01,0,0.047,0,0.0926,0,0.0031,0,0.013,0,0.0407,0,0.0,1
573,103.105011,16.917858,2026-10-01 22:00:00,0.0123,0,0.047,0,0.0926,0,0.0031,0,0.0171,0,0.0504,0,0.0,1
574,103.335533,16.917858,2026-10-01 22:00:00,0.0123,0,0.054,0,0.0926,0,0.0033,0,0.0176,0,0.0504,0,0.0,1
575,103.566054,16.917858,2026-10-01 22:00:00,0.0161,0,0.0538,0,0.0926,0,0.0053,0,0.0176,0,0.0504,0,0.0,1
576,103.796576,16.917858,2026-10-01 22:00:00,0.0264,0,0.0901,0,0.1381,0,0.0053,0,0.0221,0,0.0579,0,0.0,1
577,104.027098,16.917858,2026-10-01 22:00:00,0.0212,0,0.0968,0,0.1668,0,0.0053,0,0.0238,0,0.0579,0,0.0,1
578,104.257619,16.917858,2026-10-01 22:00:00,0.0161,0,0.0724,0,0.1076,0,0.0053,0,0.0221,0,0.0504,0,0.0,1
579,104.488141,16.917858,2026-10-01 22:00:00,0.0208,0,0.0632,0,0.1076,0,0.0045,0,0.0238,0,0.0456,0,0.0,1
580,104.718663,16.917858,2026-10-01 22:00:00,0.0127,0,0.047,0,0.0926,0,0.0081,0,0.0221,0,0.0456,0,0.0,1
581,98.494578,17.143951,2026-10-01 22:00:00,0.0264,0,0.0934,0,0.1668,0,0.0053,0,0.0238,0,0.0619,0,0.0,1
582,98.725099,17.143951,2026-10-01 22:00:00,0.0161,0,0.047,0,0.1286,0,0.0031,0,0.0079,0,0.0321,0,0.0,1
583,98.955621,17.143951,2026-10-01 22:00:00,0.0264,0,0.0632,0,0.1539,0,0.0081,0,0.0171,0,0.0456,0,0.0,1
584,99.186143,17.143951,2026-10-01 22:00:00,0.01,0,0.047,0,0.1076,0,0.0024,0,0.0079,0,0.0351,0,0.0,1
585,99.416664,17.143951,2026-10-01 22:00:00,0.0123,0,0.0315,0,0.0926,0,0.0031,0,0.013,0,0.0303,0,0.0,1
586,99.647186,17.143951,2026-10-01 22:00:00,0.1006,0,0.0979,0,0.1668,0,0.0095,0,0.0176,0,0.0456,0,0.0,1
587,99.877708,17.143951,2026-10-01 22:00:00,0.138,0,0.1427,0,0.1752,0,0.0136,0,0.0176,0,0.0391,0,0.0,1
588,100.108229,17.143951,2026-10-01 22:00:00,0.138,0,0.1489,0,0.2661,0,0.0095,0,0.0171,0,0.0571,0,0.0,1
589,100.338751,17.143951,2026-10-01 22:00:00,0.138,0,0.1489,0,0.2618,0,0.0112,0,0.0238,0,0.0619,0,0.0,1
590,100.569273,17.143951,2026-10-01 22:00:00,0.0384,0,0.0724,0,0.1381,0,0.0136,0,0.0238,0,0.0619,0,0.0,1
591,100.799794,17.143951,2026-10-01 22:00:00,0.0707,0,0.1489,0,0.2661,0,0.0174,0,0.0301,0,0.0939,0,0.0,1
592,101.030316,17.143951,2026-10-01 22:00:00,0.0264,0,0.0724,0,0.1752,0,0.0045,0,0.013,0,0.0456,0,0.0,1
593,101.260838,17.143951,2026-10-01 22:00:00,0.0264,0,0.0724,0,0.1274,0,0.0081,0,0.0171,0,0.0504,0,0.0,1
594,101.491359,17.143951,2026-10-01 22:00:00,0.0477,0,0.0959,0,0.1668,0,0.0134,0,0.0238,0,0.0504,0,0.0,1
595,101.721881,17.143951,2026-10-01 22:00:00,0.0264,0,0.0632,0,0.1076,0,0.0045,0,0.0171,0,0.0391,0,0.0,1
596,101.952403,17.143951,2026-10-01 22:00:00,0.0161,0,0.047,0,0.0926,0,0.0024,0,0.013,0,0.0351,0,0.0,1
597,102.182924,17.143951,2026-10-01 22:00:00,0.01,0,0.0373,0,0.073,0,0.0008,0,0.0079,0,0.03,0,0.0,1
598,102.413446,17.143951,2026-10-01 22:00:00,0.01,0,0.047,0,0.0926,0,0.0008,0,0.0079,0,0.0321,0,0.0,1
599,102.643968,17.143951,2026-10-01 22:00:00,0.0161,0,0.054,0,0.0926,0,0.0033,0,0.013,0,0.0391,0,0.0,1
600,102.874489,17.143951,2026-10-01 22:00:00,0.0161,0,0.0538,0,0.0926,0,0.004,0,0.0171,0,0.0407,0,0.0,1
601,103.105011,17.143951,2026-10-01 22:00:00,0.01,0,0.047,0,0.1076,0,0.0033,0,0.0171,0,0.0497,0,0.0,1
602,103.335533,17.143951,2026-10-01 22:00:00,0.0161,0,0.054,0,0.1076,0,0.0081,0,0.0221,0,0.0579,0,0.0,1
603,103.566054,17.143951,2026-10-01 22:00:00,0.0161,0,0.0632,0,0.1076,0,0.0053,0,0.0221,0,0.0571,0,0.0,1
604,103.796576,17.143951,2026-10-01 22:00:00,0.0264,0,0.0901,0,0.1462,0,0.0053,0,0.0221,0,0.0504,0,0.0,1
605,104.027098,17.143951,2026-10-01 22:00:00,0.0384,0,0.1345,0,0.2158,0,0.0053,0,0.0289,0,0.0579,0,0.0,1
606,104.257619,17.143951,2026-10-01 22:00:00,0.0161,0,0.0724,0,0.1668,0,0.0033,0,0.0171,0,0.0571,0,0.0,1
607,104.488141,17.143951,2026-10-01 22:00:00,0.0161,0,0.0632,0,0.1076,0,0.0053,0,0.0221,0,0.0504,0,0.0,1
608,104.718663,17.143951,2026-10-01 22:00:00,0.01,0,0.047,0,0.0926,0,0.0045,0,0.0238,0,0.0456,0,0.0,1
609,98.264056,17.370044,2026-10-01 22:00:00,0.0042,0,0.0239,0,0.0825,0,0.0003,0,0.0301,0,0.0174,0,0.0,1
610,98.494578,17.370044,2026-10-01 22:00:00,0.0067,0,0.0315,0,0.0926,0,0.0008,0,0.0079,0,0.0196,0,0.0,1
611,98.725099,17.370044,2026-10-01 22:00:00,0.0067,0,0.0315,0,0.0926,0,0.0008,0,0.005,0,0.0191,0,0.0,1
612,98.955621,17.370044,2026-10-01 22:00:00,0.01,0,0.0373,0,0.0926,0,0.0024,0,0.0079,0,0.0244,0,0.0,1
613,99.186143,17.370044,2026-10-01 22:00:00,0.01,0,0.047,0,0.1076,0,0.0018,0,0.0079,0,0.03,0,0.0,1
614,99.416664,17.370044,2026-10-01 22:00:00,0.0208,0,0.0632,0,0.1076,0,0.0033,0,0.0176,0,0.0456,0,0.0,1
615,99.647186,17.370044,2026-10-01 22:00:00,0.0161,0,0.047,0,0.0926,0,0.0033,0,0.0171,0,0.0391,0,0.0,1
616,99.877708,17.370044,2026-10-01 22:00:00,0.0707,0,0.1345,0,0.1539,0,0.0174,0,0.0221,0,0.0504,0,0.0,1
617,100.108229,17.370044,2026-10-01 22:00:00,0.059,0,0.1489,0,0.2324,0,0.0053,0,0.0176,0,0.0571,0,0.0,1
618,100.338751,17.370044,2026-10-01 22:00:00,0.0264,0,0.0632,0,0.1076,0,0.0045,0,0.0171,0,0.0456,0,0.0,1
619,100.569273,17.370044,2026-10-01 22:00:00,0.0264,0,0.0632,0,0.1076,0,0.0081,0,0.0221,0,0.0504,0,0.0,1
620,100.799794,17.370044,2026-10-01 22:00:00,0.0589,0,0.0979,0,0.1958,0,0.0136,0,0.0221,0,0.0619,0,0.0,1
621,101.030316,17.370044,2026-10-01 22:00:00,0.0453,0,0.0741,0,0.1539,0,0.0112,0,0.0176,0,0.0504,0,0.0,1
622,101.260838,17.370044,2026-10-01 22:00:00,0.0264,0,0.054,0,0.1076,0,0.0053,0,0.013,0,0.0391,0,0.0,1
623,101.491359,17.370044,2026-10-01 22:00:00,0.0272,0,0.0632,0,0.1286,0,0.0053,0,0.0171,0,0.0391,0,0.0,1
624,101.721881,17.370044,2026-10-01 22:00:00,0.01,0,0.0339,0,0.0926,0,0.0008,0,0.005,0,0.0256,0,0.0,1
625,101.952403,17.370044,2026-10-01 22:00:00,0.0111,0,0.0339,0,0.0926,0,0.0018,0,0.0079,0,0.0244,0,0.0,1
626,102.182924,17.370044,2026-10-01 22:00:00,0.0067,0,0.0315,0,0.047,0,0.0008,0,0.0079,0,0.0191,0,0.0,1
627,102.413446,17.370044,2026-10-01 22:00:00,0.0063,0,0.0373,0,0.073,0,0.0016,0,0.0079,0,0.0321,0,0.0,1
628,102.643968,17.370044,2026-10-01 22:00:00,0.0123,0,0.047,0,0.0825,0,0.0033,0,0.013,0,0.0391,0,0.0,1
629,102.874489,17.370044,2026-10-01 22:00:00,0.01,0,0.0538,0,0.0922,0,0.0033,0,0.0171,0,0.0407,0,0.0,1
630,103.105011,17.370044,2026-10-01 22:00:00,0.0111,0,0.0632,0,0.0926,0,0.004,0,0.0171,0,0.0407,0,0.0,1
631,103.335533,17.370044,2026-10-01 22:00:00,0.01,0,0.047,0,0.0926,0,0.0045,0,0.0171,0,0.0456,0,0.0,1
632,103.566054,17.370044,2026-10-01 22:00:00,0.0127,0,0.0632,0,0.1076,0,0.0051,0,0.0176,0,0.0571,0,0.0,1
633,103.796576,17.370044,2026-10-01 22:00:00,0.0212,0,0.0724,0,0.1274,0,0.0045,0,0.0221,0,0.0571,0,0.0,1
634,104.027098,17.370044,2026-10-01 22:00:00,0.0208,0,0.0934,0,0.1539,0,0.0081,0,0.0238,0,0.0619,0,0.0,1
635,104.257619,17.370044,2026-10-01 22:00:00,0.0264,0,0.1094,0,0.1958,0,0.0077,0,0.0301,0,0.0619,0,0.0,1
636,104.488141,17.370044,2026-10-01 22:00:00,0.0161,0,0.0724,0,0.1274,0,0.0053,0,0.0295,0,0.0619,0,0.0,1
637,104.718663,17.370044,2026-10-01 22:00:00,0.0161,0,0.0632,0,0.1176,0,0.0045,0,0.0289,0,0.0619,0,0.0,1
638,98.033534,17.596137,2026-10-01 22:00:00,0.01,0,0.0239,0,0.0692,0,0.0003,0,0.004,0,0.0143,0,0.0,1
639,98.264056,17.596137,2026-10-01 22:00:00,0.0212,0,0.047,0,0.1274,0,0.0008,0,0.0079,0,0.0299,0,0.0,1
640,98.494578,17.596137,2026-10-01 22:00:00,0.01,0,0.0315,0,0.0922,0,0.0008,0,0.0079,0,0.0233,0,0.0,1
641,98.725099,17.596137,2026-10-01 22:00:00,0.0067,0,0.0239,0,0.073,0,0.0006,0,0.005,0,0.0244,0,0.0,1
642,98.955621,17.596137,2026-10-01 22:00:00,0.0161,0,0.047,0,0.1076,0,0.003,0,0.0079,0,0.03,0,0.0,1
643,99.186143,17.596137,2026-10-01 22:00:00,0.0067,0,0.0315,0,0.0926,0,0.0018,0,0.005,0,0.0178,0,0.0,1
644,99.416664,17.596137,2026-10-01 22:00:00,0.0161,0,0.0632,0,0.0926,0,0.0031,0,0.0171,0,0.0391,0,0.0,1
645,99.647186,17.596137,2026-10-01 22:00:00,0.0264,0,0.0632,0,0.1176,0,0.0053,0,0.0171,0,0.0504,0,0.0,1
646,99.877708,17.596137,2026-10-01 22:00:00,0.0208,0,0.0632,0,0.1274,0,0.0045,0,0.0221,0,0.0504,0,0.0,1
647,100.108229,17.596137,2026-10-01 22:00:00,0.138,0,0.1774,0,0.2618,0,0.0136,0,0.0433,0,0.0654,0,0.0,1
648,100.338751,17.596137,2026-10-01 22:00:00,0.0264,0,0.0632,0,0.1076,0,0.0053,0,0.0238,0,0.0571,0,0.0,1
649,100.569273,17.596137,2026-10-01 22:00:00,0.0264,0,0.0632,0,0.1076,0,0.0033,0,0.0176,0,0.0456,0,0.0,1
650,100.799794,17.596137,2026-10-01 22:00:00,0.0429,0,0.0724,0,0.1668,0,0.008,0,0.0221,0,0.0579,0,0.0,1
651,101.260838,17.596137,2026-10-01 22:00:00,0.0161,0,0.047,0,0.1076,0,0.0033,0,0.013,0,0.0407,0,0.0,1
652,101.491359,17.596137,2026-10-01 22:00:00,0.0208,0,0.0632,0,0.1076,0,0.004,0,0.013,0,0.0407,0,0.0,1
653,101.721881,17.596137,2026-10-01 22:00:00,0.0123,0,0.047,0,0.0926,0,0.0031,0,0.013,0,0.0391,0,0.0,1
654,101.952403,17.596137,2026-10-01 22:00:00,0.0264,0,0.047,0,0.0926,0,0.003,0,0.013,0,0.0391,0,0.0,1
655,102.182924,17.596137,2026-10-01 22:00:00,0.0063,0,0.0239,0,0.0333,0,0.0002,0,0.005,0,0.0143,0,0.0,1
656,102.413446,17.596137,2026-10-01 22:00:00,0.0123,0,0.0373,0,0.0583,0,0.0018,0,0.0063,0,0.0244,0,0.0,1
657,102.643968,17.596137,2026-10-01 22:00:00,0.0123,0,0.047,0,0.0922,0,0.0053,0,0.013,0,0.0391,0,0.0,1
658,102.874489,17.596137,2026-10-01 22:00:00,0.0212,0,0.0632,0,0.1076,0,0.0145,0,0.0171,0,0.0579,0,0.0,1
659,103.105011,17.596137,2026-10-01 22:00:00,0.0212,0,0.0724,0,0.1176,0,0.0145,0,0.0221,0,0.0579,0,0.0,1
660,103.335533,17.596137,2026-10-01 22:00:00,0.0212,0,0.0724,0,0.1076,0,0.0053,0,0.0221,0,0.0571,0,0.0,1
661,103.566054,17.596137,2026-10-01 22:00:00,0.0161,0,0.0538,0,0.0926,0,0.0053,0,0.0171,0,0.0504,0,0.0,1
662,103.796576,17.596137,2026-10-01 22:00:00,0.0123,0,0.047,0,0.0825,0,0.0033,0,0.013,0,0.0407,0,0.0,1
663,104.027098,17.596137,2026-10-01 22:00:00,0.0123,0,0.0632,0,0.0926,0,0.0045,0,0.0171,0,0.0456,0,0.0,1
664,104.257619,17.596137,2026-10-01 22:00:00,0.0208,0,0.0901,0,0.1286,0,0.0053,0,0.0238,0,0.0579,0,0.0,1
665,104.488141,17.596137,2026-10-01 22:00:00,0.0208,0,0.0724,0,0.1076,0,0.0081,0,0.0372,0,0.0654,0,0.0,1
666,97.803013,17.82223,2026-10-01 22:00:00,0.0067,0,0.0315,0,0.0825,0,0.0008,0,0.0079,0,0.03,0,0.0,1
667,98.033534,17.82223,2026-10-01 22:00:00,0.0067,0,0.0228,0,0.068,0,0.0003,0,0.005,0,0.0143,0,0.0,1
668,98.264056,17.82223,2026-10-01 22:00:00,0.0208,0,0.0373,0,0.1076,0,0.0008,0,0.0079,0,0.0244,0,0.0,1
669,98.494578,17.82223,2026-10-01 22:00:00,0.0067,0,0.0315,0,0.0926,0,0.0008,0,0.0063,0,0.0196,0,0.0,1
670,98.725099,17.82223,2026-10-01 22:00:00,0.0042,0,0.0253,0,0.0583,0,0.0006,0,0.005,0,0.0174,0,0.0,1
671,98.955621,17.82223,2026-10-01 22:00:00,0.0061,0,0.0239,0,0.0437,0,0.0008,0,0.005,0,0.0143,0,0.0,1
672,99.186143,17.82223,2026-10-01 22:00:00,0.01,0,0.047,0,0.073,0,0.0024,0,0.0079,0,0.0244,0,0.0,1
673,99.416664,17.82223,2026-10-01 22:00:00,0.0074,0,0.0373,0,0.0926,0,0.0018,0,0.0079,0,0.0299,0,0.0,1
674,99.647186,17.82223,2026-10-01 22:00:00,0.01,0,0.0315,0,0.0926,0,0.003,0,0.0079,0,0.0244,0,0.0,1
675,99.877708,17.82223,2026-10-01 22:00:00,0.0384,0,0.0724,0,0.1286,0,0.0112,0,0.0301,0,0.0571,0,0.0,1
676,100.108229,17.82223,2026-10-01 22:00:00,0.0589,0,0.1345,0,0.1958,0,0.0136,0,0.0389,0,0.0812,0,0.0,1
677,100.338751,17.82223,2026-10-01 22:00:00,0.0453,0,0.1094,0,0.2158,0,0.0174,0,0.0426,0,0.0939,0,0.0,1
678,100.569273,17.82223,2026-10-01 22:00:00,0.0272,0,0.0724,0,0.1752,0,0.0053,0,0.0176,0,0.0504,0,0.0,1
679,100.799794,17.82223,2026-10-01 22:00:00,0.0342,0,0.0724,0,0.1715,0,0.0136,0,0.0238,0,0.0579,0,0.0,1
680,101.721881,17.82223,2026-10-01 22:00:00,0.0067,0,0.0315,0,0.068,0,0.0003,0,0.0063,0,0.0244,0,0.0,1
681,101.952403,17.82223,2026-10-01 22:00:00,0.0061,0,0.0228,0,0.0333,0,0.0002,0,0.005,0,0.0143,0,0.0,1
682,102.182924,17.82223,2026-10-01 22:00:00,0.0067,0,0.0315,0,0.0692,0,0.0008,0,0.0063,0,0.0191,0,0.0,1
683,102.413446,17.82223,2026-10-01 22:00:00,0.0264,0,0.0632,0,0.1076,0,0.0033,0,0.013,0,0.0456,0,0.0,1
684,102.643968,17.82223,2026-10-01 22:00:00,0.0212,0,0.0632,0,0.1076,0,0.0081,0,0.0171,0,0.0579,0,0.0,1
685,102.874489,17.82223,2026-10-01 22:00:00,0.0264,0,0.0979,0,0.1381,0,0.0112,0,0.0238,0,0.0745,0,0.0,1
686,103.105011,17.82223,2026-10-01 22:00:00,0.0264,0,0.0959,0,0.1668,0,0.0053,0,0.0238,0,0.0691,0,0.0,1
687,103.335533,17.82223,2026-10-01 22:00:00,0.0161,0,0.0632,0,0.1076,0,0.008,0,0.0289,0,0.0619,0,0.0,1
688,103.566054,17.82223,2026-10-01 22:00:00,0.0123,0,0.0632,0,0.0926,0,0.0053,0,0.0221,0,0.0504,0,0.0,1
689,103.796576,17.82223,2026-10-01 22:00:00,0.0164,0,0.0724,0,0.1176,0,0.0081,0,0.0301,0,0.0579,0,0.0,1
690,104.027098,17.82223,2026-10-01 22:00:00,0.0132,0,0.0934,0,0.1076,0,0.0081,0,0.0289,0,0.0691,0,0.0,1
691,104.257619,17.82223,2026-10-01 22:00:00,0.0161,0,0.0934,0,0.1076,0,0.0136,0,0.0301,0,0.0745,0,0.0,1
692,97.803013,18.048323,2026-10-01 22:00:00,0.0042,0,0.0253,0,0.073,0,0.0003,0,0.0079,0,0.0244,0,0.0,1
693,98.033534,18.048323,2026-10-01 22:00:00,0.0034,0,0.0239,0,0.073,0,0.0003,0,0.005,0,0.0244,0,0.0,1
694,98.264056,18.048323,2026-10-01 22:00:00,0.0063,0,0.0239,0,0.0825,0,0.0008,0,0.005,0,0.0233,0,0.0,1
695,98.494578,18.048323,2026-10-01 22:00:00,0.0063,0,0.0228,0,0.073,0,0.0008,0,0.005,0,0.0143,0,0.0,1
696,98.725099,18.048323,2026-10-01 22:00:00,0.0034,0,0.0142,0,0.0321,0,0.0002,0,0.0019,0,0.0064,0,0.0,1
697,98.955621,18.048323,2026-10-01 22:00:00,0.0034,0,0.0153,0,0.0323,0,0.0002,0,0.005,0,0.0097,0,0.0,1
698,99.186143,18.048323,2026-10-01 22:00:00,0.0061,0,0.0239,0,0.0437,0,0.0008,0,0.005,0,0.0174,0,0.0,1
699,99.416664,18.048323,2026-10-01 22:00:00,0.0074,0,0.0315,0,0.0583,0,0.0008,0,0.0079,0,0.0196,0,0.0,1
700,99.647186,18.048323,2026-10-01 22:00:00,0.01,0,0.047,0,0.0922,0,0.0008,0,0.013,0,0.0351,0,0.0,1
701,99.877708,18.048323,2026-10-01 22:00:00,0.0264,0,0.0632,0,0.1381,0,0.0053,0,0.0221,0,0.0504,0,0.0,1
702,100.108229,18.048323,2026-10-01 22:00:00,0.0342,0,0.0901,0,0.1539,0,0.0112,0,0.037,0,0.0691,0,0.0,1
703,100.338751,18.048323,2026-10-01 22:00:00,0.059,0,0.1345,0,0.2295,0,0.0188,0,0.0433,0,0.0745,0,0.0,1
704,100.569273,18.048323,2026-10-01 22:00:00,0.0264,0,0.0724,0,0.1381,0,0.0081,0,0.0221,0,0.0579,0,0.0,1
705,100.799794,18.048323,2026-10-01 22:00:00,0.0264,0,0.0632,0,0.1539,0,0.0053,0,0.0221,0,0.0504,0,0.0,1
706,101.030316,18.048323,2026-10-01 22:00:00,0.01,0,0.047,0,0.0926,0,0.0024,0,0.0079,0,0.0351,0,0.0,1
707,101.952403,18.048323,2026-10-01 22:00:00,0.0063,0,0.0228,0,0.047,0,0.0008,0,0.005,0,0.0178,0,0.0,1
708,102.182924,18.048323,2026-10-01 22:00:00,0.0208,0,0.054,0,0.1076,0,0.0045,0,0.0171,0,0.0407,0,0.0,1
709,103.105011,18.048323,2026-10-01 22:00:00,0.0429,0,0.1345,0,0.2295,0,0.0081,0,0.0295,0,0.0745,0,0.0,1
710,103.335533,18.048323,2026-10-01 22:00:00,0.0272,0,0.1345,0,0.1958,0,0.0183,0,0.0301,0,0.0696,0,0.0,1
711,103.566054,18.048323,2026-10-01 22:00:00,0.0161,0,0.0724,0,0.1176,0,0.0081,0,0.0221,0,0.0619,0,0.0,1
712,103.796576,18.048323,2026-10-01 22:00:00,0.0264,0,0.1345,0,0.1958,0,0.0095,0,0.0426,0,0.0833,0,0.0,1
713,104.027098,18.048323,2026-10-01 22:00:00,0.0212,0,0.1094,0,0.1752,0,0.0081,0,0.0438,0,0.0685,0,0.0,1
714,97.803013,18.274416,2026-10-01 22:00:00,0.0034,0,0.0142,0,0.0333,0,0.0002,0,0.005,0,0.0143,0,0.0,1
715,98.033534,18.274416,2026-10-01 22:00:00,0.0034,0,0.0142,0,0.047,0,0.0002,0,0.0021,0,0.0055,0,0.0,1
716,98.264056,18.274416,2026-10-01 22:00:00,0.0067,0,0.0239,0,0.068,0,0.0002,0,0.005,0,0.0143,0,0.0,1
717,98.494578,18.274416,2026-10-01 22:00:00,0.0061,0,0.0315,0,0.073,0,0.0002,0,0.0063,0,0.0159,0,0.0,1
718,98.725099,18.274416,2026-10-01 22:00:00,0.0034,0,0.0142,0,0.0279,0,0.0002,0,0.0019,0,0.0055,0,0.0,1
719,98.955621,18.274416,2026-10-01 22:00:00,0.0042,0,0.0239,0,0.0437,0,0.0003,0,0.005,0,0.0143,0,0.0,1
720,99.186143,18.274416,2026-10-01 22:00:00,0.0034,0,0.0228,0,0.0333,0,0.0002,0,0.005,0,0.0141,0,0.0,1
721,99.416664,18.274416,2026-10-01 22:00:00,0.0034,0,0.0132,0,0.0226,0,0.0008,0,0.0021,0,0.0055,0,0.0,1
722,99.647186,18.274416,2026-10-01 22:00:00,0.0063,0,0.0315,0,0.047,0,0.0008,0,0.0079,0,0.0191,0,0.0,1
723,99.877708,18.274416,2026-10-01 22:00:00,0.01,0,0.047,0,0.1076,0,0.0031,0,0.013,0,0.0456,0,0.0,1
724,100.108229,18.274416,2026-10-01 22:00:00,0.0264,0,0.0632,0,0.1176,0,0.0053,0,0.0238,0,0.0579,0,0.0,1
725,100.338751,18.274416,2026-10-01 22:00:00,0.0264,0,0.0724,0,0.1539,0,0.0053,0,0.013,0,0.0504,0,0.0,1
726,100.569273,18.274416,2026-10-01 22:00:00,0.0429,0,0.0901,0,0.1539,0,0.0134,0,0.0238,0,0.0504,0,0.0,1
727,100.799794,18.274416,2026-10-01 22:00:00,0.0264,0,0.0632,0,0.1381,0,0.0053,0,0.0176,0,0.0504,0,0.0,1
728,101.030316,18.274416,2026-10-01 22:00:00,0.0067,0,0.0315,0,0.0825,0,0.0008,0,0.0079,0,0.0233,0,0.0,1
729,103.335533,18.274416,2026-10-01 22:00:00,0.0435,0,0.1489,0,0.2324,0,0.0338,0,0.0723,0,0.1019,0,0.0,1
730,103.566054,18.274416,2026-10-01 22:00:00,0.0453,0,0.1427,0,0.2324,0,0.0403,0,0.0438,0,0.116,0,0.0,1
731,103.796576,18.274416,2026-10-01 22:00:00,0.0435,0,0.1489,0,0.2295,0,0.0355,0,0.0438,0,0.116,0,0.0,1
732,97.572491,18.500509,2026-10-01 22:00:00,0.0034,0,0.0142,0,0.0437,0,0.0002,0,0.005,0,0.0159,0,0.0,1
733,97.803013,18.500509,2026-10-01 22:00:00,0.0029,0,0.0142,0,0.0321,0,0.0002,0,0.0027,0,0.0143,0,0.0,1
734,98.033534,18.500509,2026-10-01 22:00:00,0.0029,0,0.0096,0,0.0226,0,0.0001,0,0.0016,0,0.0027,0,0.0,1
735,98.264056,18.500509,2026-10-01 22:00:00,0.0061,0,0.0228,0,0.0437,0,0.0002,0,0.0027,0,0.0064,0,0.0,1
736,98.494578,18.500509,2026-10-01 22:00:00,0.0061,0,0.0228,0,0.0437,0,0.0002,0,0.0019,0,0.0046,0,0.0,1
737,98.725099,18.500509,2026-10-01 22:00:00,0.0029,0,0.0142,0,0.0279,0,0.0002,0,0.0021,0,0.0064,0,0.0,1
738,98.955621,18.500509,2026-10-01 22:00:00,0.0029,0,0.0096,0,0.0226,0,0.0002,0,0.0027,0,0.0055,0,0.0,1
739,99.186143,18.500509,2026-10-01 22:00:00,0.0029,0,0.0132,0,0.0279,0,0.0002,0,0.0021,0,0.0143,0,0.0,1
740,99.416664,18.500509,2026-10-01 22:00:00,0.0034,0,0.0228,0,0.034,0,0.0002,0,0.0027,0,0.0174,0,0.0,1
741,99.647186,18.500509,2026-10-01 22:00:00,0.0029,0,0.0132,0,0.0226,0,0.0002,0,0.0027,0,0.0064,0,0.0,1
742,99.877708,18.500509,2026-10-01 22:00:00,0.0034,0,0.0228,0,0.034,0,0.0003,0,0.005,0,0.0174,0,0.0,1
743,100.108229,18.500509,2026-10-01 22:00:00,0.0212,0,0.0724,0,0.1381,0,0.0081,0,0.0238,0,0.0504,0,0.0,1
744,100.338751,18.500509,2026-10-01 22:00:00,0.0208,0,0.0538,0,0.1274,0,0.0031,0,0.0079,0,0.0321,0,0.0,1
745,100.569273,18.500509,2026-10-01 22:00:00,0.0264,0,0.0632,0,0.1286,0,0.0053,0,0.0221,0,0.0579,0,0.0,1
746,100.799794,18.500509,2026-10-01 22:00:00,0.0161,0,0.047,0,0.0926,0,0.0033,0,0.013,0,0.0391,0,0.0,1
747,101.030316,18.500509,2026-10-01 22:00:00,0.0067,0,0.0315,0,0.073,0,0.0008,0,0.0079,0,0.0191,0,0.0,1
748,97.803013,18.726602,2026-10-01 22:00:00,0.0034,0,0.0142,0,0.0323,0,0.0002,0,0.0027,0,0.0064,0,0.0,1
749,98.033534,18.726602,2026-10-01 22:00:00,0.0034,0,0.0132,0,0.0207,0,0.0002,0,0.0016,0,0.0027,0,0.0,1
750,98.264056,18.726602,2026-10-01 22:00:00,0.0042,0,0.0239,0,0.073,0,0.0002,0,0.005,0,0.0174,0,0.0,1
751,98.494578,18.726602,2026-10-01 22:00:00,0.0067,0,0.047,0,0.0926,0,0.0008,0,0.0176,0,0.0191,0,0.0,1
752,98.725099,18.726602,2026-10-01 22:00:00,0.0063,0,0.047,0,0.073,0,0.0008,0,0.0079,0,0.0351,0,0.0,1
753,98.955621,18.726602,2026-10-01 22:00:00,0.0042,0,0.0239,0,0.073,0,0.0002,0,0.004,0,0.0174,0,0.0,1
754,99.186143,18.726602,2026-10-01 22:00:00,0.0029,0,0.0132,0,0.0226,0,0.0001,0,0.0021,0,0.0055,0,0.0,1
755,99.416664,18.726602,2026-10-01 22:00:00,0.0029,0,0.0153,0,0.0323,0,0.0002,0,0.0021,0,0.0093,0,0.0,1
756,99.647186,18.726602,2026-10-01 22:00:00,0.0029,0,0.0132,0,0.0226,0,0.0002,0,0.0016,0,0.0046,0,0.0,1
757,99.877708,18.726602,2026-10-01 22:00:00,0.0042,0,0.0228,0,0.0333,0,0.0002,0,0.0027,0,0.0064,0,0.0,1
758,100.108229,18.726602,2026-10-01 22:00:00,0.0042,0,0.0132,0,0.0279,0,0.0006,0,0.0019,0,0.0055,0,0.0,1
759,100.338751,18.726602,2026-10-01 22:00:00,0.0161,0,0.0373,0,0.073,0,0.003,0,0.0079,0,0.0244,0,0.0,1
760,100.569273,18.726602,2026-10-01 22:00:00,0.0132,0,0.047,0,0.073,0,0.0024,0,0.013,0,0.0244,0,0.0,1
761,100.799794,18.726602,2026-10-01 22:00:00,0.01,0,0.0315,0,0.068,0,0.0018,0,0.0079,0,0.0244,0,0.0,1
762,101.030316,18.726602,2026-10-01 22:00:00,0.01,0,0.0339,0,0.0926,0,0.0031,0,0.0079,0,0.0351,0,0.0,1
763,97.803013,18.952695,2026-10-01 22:00:00,0.0034,0,0.0132,0,0.0279,0,0.0002,0,0.0027,0,0.0093,0,0.0,1
764,98.033534,18.952695,2026-10-01 22:00:00,0.0034,0,0.0142,0,0.0323,0,0.0002,0,0.0019,0,0.0064,0,0.0,1
765,98.264056,18.952695,2026-10-01 22:00:00,0.0063,0,0.0315,0,0.073,0,0.0003,0,0.0063,0,0.0174,0,0.0,1
766,98.494578,18.952695,2026-10-01 22:00:00,0.0042,0,0.0315,0,0.073,0,0.0002,0,0.005,0,0.0174,0,0.0,1
767,98.725099,18.952695,2026-10-01 22:00:00,0.0034,0,0.0315,0,0.073,0,0.0006,0,0.005,0,0.0244,0,0.0,1
768,98.955621,18.952695,2026-10-01 22:00:00,0.0042,0,0.0315,0,0.073,0,0.0008,0,0.005,0,0.0244,0,0.0,1
769,99.186143,18.952695,2026-10-01 22:00:00,0.0029,0,0.0142,0,0.0279,0,0.0002,0,0.0027,0,0.0055,0,0.0,1
770,99.416664,18.952695,2026-10-01 22:00:00,0.0029,0,0.019,0,0.0333,0,0.0002,0,0.0021,0,0.0143,0,0.0,1
771,99.647186,18.952695,2026-10-01 22:00:00,0.0029,0,0.0132,0,0.0321,0,0.0002,0,0.0019,0,0.0097,0,0.0,1
772,99.877708,18.952695,2026-10-01 22:00:00,0.0034,0,0.0154,0,0.034,0,0.0002,0,0.0027,0,0.0097,0,0.0,1
773,100.108229,18.952695,2026-10-01 22:00:00,0.0042,0,0.0154,0,0.0333,0,0.0003,0,0.0027,0,0.0097,0,0.0,1
774,100.338751,18.952695,2026-10-01 22:00:00,0.0042,0,0.0228,0,0.0437,0,0.0002,0,0.0019,0,0.0064,0,0.0,1
775,100.569273,18.952695,2026-10-01 22:00:00,0.0067,0,0.0339,0,0.073,0,0.0008,0,0.0079,0,0.03,0,0.0,1
776,100.799794,18.952695,2026-10-01 22:00:00,0.01,0,0.047,0,0.0926,0,0.0031,0,0.013,0,0.0497,0,0.0,1
777,101.030316,18.952695,2026-10-01 22:00:00,0.0161,0,0.047,0,0.0926,0,0.0031,0,0.0079,0,0.0391,0,0.0,1
778,101.260838,18.952695,2026-10-01 22:00:00,0.0264,0,0.0741,0,0.1752,0,0.0033,0,0.013,0,0.0571,0,0.0,1
779,98.033534,19.178788,2026-10-01 22:00:00,0.0029,0,0.0106,0,0.0207,0,0.0002,0,0.0016,0,0.0046,0,0.0,1
780,98.264056,19.178788,2026-10-01 22:00:00,0.0067,0,0.0339,0,0.0926,0,0.0006,0,0.0221,0,0.0244,0,0.0,1
781,98.494578,19.178788,2026-10-01 22:00:00,0.0061,0,0.0315,0,0.0926,0,0.0008,0,0.013,0,0.0244,0,0.0,1
782,98.725099,19.178788,2026-10-01 22:00:00,0.0063,0,0.047,0,0.073,0,0.0008,0,0.0063,0,0.0303,0,0.0,1
783,98.955621,19.178788,2026-10-01 22:00:00,0.0034,0,0.0228,0,0.0688,0,0.0002,0,0.005,0,0.0174,0,0.0,1
784,99.186143,19.178788,2026-10-01 22:00:00,0.0029,0,0.0132,0,0.0226,0,0.0001,0,0.0021,0,0.0055,0,0.0,1
785,99.416664,19.178788,2026-10-01 22:00:00,0.0034,0,0.0239,0,0.0459,0,0.0002,0,0.0027,0,0.0143,0,0.0,1
786,99.647186,19.178788,2026-10-01 22:00:00,0.0013,0,0.0096,0,0.0226,0,0.0002,0,0.0021,0,0.0055,0,0.0,1
787,99.877708,19.178788,2026-10-01 22:00:00,0.0034,0,0.0142,0,0.0321,0,0.0002,0,0.0027,0,0.0097,0,0.0,1
788,100.108229,19.178788,2026-10-01 22:00:00,0.0042,0,0.0228,0,0.0333,0,0.0002,0,0.005,0,0.0143,0,0.0,1
789,100.338751,19.178788,2026-10-01 22:00:00,0.0063,0,0.0315,0,0.073,0,0.0008,0,0.0063,0,0.0244,0,0.0,1
790,100.569273,19.178788,2026-10-01 22:00:00,0.0123,0,0.047,0,0.0926,0,0.0008,0,0.0079,0,0.0244,0,0.0,1
791,100.799794,19.178788,2026-10-01 22:00:00,0.0127,0,0.047,0,0.1076,0,0.0031,0,0.013,0,0.0456,0,0.0,1
792,101.030316,19.178788,2026-10-01 22:00:00,0.0208,0,0.0632,0,0.1286,0,0.004,0,0.013,0,0.0504,0,0.0,1
793,97.803013,19.404881,2026-10-01 22:00:00,0.0034,0,0.0132,0,0.0226,0,0.0002,0,0.0021,0,0.0064,0,0.0,1
794,98.033534,19.404881,2026-10-01 22:00:00,0.0029,0,0.0132,0,0.0226,0,0.0002,0,0.0019,0,0.0046,0,0.0,1
795,98.264056,19.404881,2026-10-01 22:00:00,0.0061,0,0.0315,0,0.073,0,0.0008,0,0.0063,0,0.0196,0,0.0,1
796,98.494578,19.404881,2026-10-01 22:00:00,0.0042,0,0.0239,0,0.073,0,0.0003,0,0.005,0,0.0244,0,0.0,1
797,98.725099,19.404881,2026-10-01 22:00:00,0.0034,0,0.0239,0,0.0688,0,0.0003,0,0.005,0,0.0178,0,0.0,1
798,98.955621,19.404881,2026-10-01 22:00:00,0.0042,0,0.0315,0,0.073,0,0.0008,0,0.005,0,0.0191,0,0.0,1
799,99.186143,19.404881,2026-10-01 22:00:00,0.0029,0,0.0096,0,0.0279,0,0.0002,0,0.0021,0,0.0064,0,0.0,1
800,99.416664,19.404881,2026-10-01 22:00:00,0.0029,0,0.0142,0,0.0312,0,0.0002,0,0.0021,0,0.0064,0,0.0,1
801,99.647186,19.404881,2026-10-01 22:00:00,0.0029,0,0.0132,0,0.0323,0,0.0002,0,0.0019,0,0.0143,0,0.0,1
802,99.877708,19.404881,2026-10-01 22:00:00,0.0034,0,0.0154,0,0.034,0,0.0002,0,0.0027,0,0.0064,0,0.0,1
803,100.108229,19.404881,2026-10-01 22:00:00,0.0074,0,0.0315,0,0.073,0,0.0008,0,0.0079,0,0.0233,0,0.0,1
804,100.338751,19.404881,2026-10-01 22:00:00,0.0067,0,0.047,0,0.0926,0,0.0008,0,0.0079,0,0.0244,0,0.0,1
805,100.569273,19.404881,2026-10-01 22:00:00,0.01,0,0.0315,0,0.073,0,0.0014,0,0.0079,0,0.0244,0,0.0,1
806,100.799794,19.404881,2026-10-01 22:00:00,0.0123,0,0.0373,0,0.1076,0,0.0031,0,0.013,0,0.0407,0,0.0,1
807,101.030316,19.404881,2026-10-01 22:00:00,0.0322,0,0.0632,0,0.1539,0,0.0051,0,0.0295,0,0.0456,0,0.0,1
808,98.033534,19.630974,2026-10-01 22:00:00,0.0061,0,0.0153,0,0.0437,0,0.0008,0,0.013,0,0.0143,0,0.0,1
809,98.264056,19.630974,2026-10-01 22:00:00,0.0034,0,0.0083,0,0.0207,0,0.0002,0,0.005,0,0.0046,0,0.0,1
810,98.494578,19.630974,2026-10-01 22:00:00,0.0042,0,0.0228,0,0.0437,0,0.0002,0,0.0238,0,0.0174,0,0.0,1
811,98.725099,19.630974,2026-10-01 22:00:00,0.0029,0,0.0142,0,0.0323,0,0.0002,0,0.0027,0,0.0143,0,0.0,1
812,98.955621,19.630974,2026-10-01 22:00:00,0.0029,0,0.0142,0,0.0312,0,0.0002,0,0.0027,0,0.0143,0,0.0,1
813,99.186143,19.630974,2026-10-01 22:00:00,0.0029,0,0.0132,0,0.0279,0,0.0002,0,0.0027,0,0.0055,0,0.0,1
814,99.416664,19.630974,2026-10-01 22:00:00,0.0029,0,0.0154,0,0.034,0,0.0002,0,0.0027,0,0.0064,0,0.0,1
815,99.647186,19.630974,2026-10-01 22:00:00,0.0029,0,0.0132,0,0.0279,0,0.0002,0,0.0021,0,0.0143,0,0.0,1
816,99.877708,19.630974,2026-10-01 22:00:00,0.0042,0,0.0132,0,0.0323,0,0.0002,0,0.0027,0,0.0055,0,0.0,1
817,100.108229,19.630974,2026-10-01 22:00:00,0.0067,0,0.0315,0,0.047,0,0.0008,0,0.0079,0,0.0174,0,0.0,1
818,100.338751,19.630974,2026-10-01 22:00:00,0.0067,0,0.0239,0,0.0583,0,0.0008,0,0.0063,0,0.0174,0,0.0,1
819,99.186143,19.857067,2026-10-01 22:00:00,0.0029,0,0.0132,0,0.0226,0,0.0002,0,0.0019,0,0.0055,0,0.0,1
820,99.416664,19.857067,2026-10-01 22:00:00,0.0029,0,0.0217,0,0.0312,0,0.0002,0,0.005,0,0.0064,0,0.0,1
821,99.647186,19.857067,2026-10-01 22:00:00,0.0034,0,0.0153,0,0.0333,0,0.0002,0,0.0027,0,0.0064,0,0.0,1
822,99.877708,19.857067,2026-10-01 22:00:00,0.0034,0,0.0132,0,0.0226,0,0.0002,0,0.0021,0,0.004,0,0.0,1
823,100.108229,19.857067,2026-10-01 22:00:00,0.0061,0,0.0228,0,0.0333,0,0.0003,0,0.005,0,0.0097,0,0.0,1
824,100.338751,19.857067,2026-10-01 22:00:00,0.0067,0,0.0315,0,0.073,0,0.0008,0,0.0063,0,0.0174,0,0.0,1
825,99.186143,20.08316,2026-10-01 22:00:00,0.0074,0,0.0239,0,0.0569,0,0.0003,0,0.005,0,0.0143,0,0.0,1
826,99.416664,20.08316,2026-10-01 22:00:00,0.0029,0,0.0096,0,0.0143,0,0.0002,0,0.0019,0,0.0042,0,0.0,1
827,99.647186,20.08316,2026-10-01 22:00:00,0.0034,0,0.0153,0,0.0323,0,0.0002,0,0.0027,0,0.0093,0,0.0,1
828,99.877708,20.08316,2026-10-01 22:00:00,0.0042,0,0.0142,0,0.0312,0,0.0002,0,0.0021,0,0.0055,0,0.0,1
829,100.108229,20.08316,2026-10-01 22:00:00,0.0042,0,0.0142,0,0.0333,0,0.0003,0,0.005,0,0.0143,0,0.0,1
830,100.338751,20.08316,2026-10-01 22:00:00,0.0034,0,0.0142,0,0.0321,0,0.0002,0,0.0027,0,0.0064,0,0.0,1
831,99.647186,20.309252,2026-10-01 22:00:00,0.0034,0,0.0142,0,0.0321,0,0.0002,0,0.0027,0,0.0143,0,0.0,1
832,99.877708,20.309252,2026-10-01 22:00:00,0.0042,0,0.0132,0,0.0321,0,0.0002,0,0.0027,0,0.0055,0,0.0,1
833,100.338751,20.309252,2026-10-01 22:00:00,0.0067,0,0.0239,0,0.0437,0,0.0008,0,0.0063,0,0.0093,0,0.0,1
